r is: [0.43338813 0.44036437 0.42406246 0.42859676 0.43894259 0.44601155
 0.47423398 0.48371961 0.48537611 0.47814176 0.44974632 0.4652543
 0.46060674 0.47368915 0.47487002 0.4664817  0.45358041 0.4661689
 0.46458549 0.44472924 0.4463106  0.43573613 0.45440612 0.38921902
 0.46641036 0.4487824  0.56673185 0.45723945 0.44941311 0.46091857
 0.45784988 0.4437478  0.45947392 0.43961788 0.432557   0.44247193
 0.44787864 0.42950801 0.43500769 0.46754747 0.43566947 0.42380508
 0.44797211 0.45715505 0.49260815 0.42664071 0.45490813 0.46060426
 0.44131766 0.48513462]

nu is : -0.790701586040454
sigam is: 0.002899628907323522

E is: 0.4535284023746356
Var is: 0.07566902703310177

3倍下界是: 0.44959842983778975
3倍上界是: 0.45748888057387516

1倍下界是: 0.452213341991761
1倍上界是: 0.45484346275216675