r is: [0.46960969 0.46861169 0.41087661 0.41618334 0.43060692 0.43272084
 0.43454174 0.53107264 0.43924301 0.45030198 0.49761019 0.45254079
 0.4453786  0.47903967 0.4209465  0.44788664 0.45983933 0.46818092
 0.41248912 0.41414279 0.45042702 0.43450268 0.55831026 0.47053796
 0.43357934 0.43735552 0.46021534 0.48920856 0.47099949 0.56948947
 0.48714093 0.46175726 0.44674337 0.45524158 0.47744084 0.46368365
 0.46743706 0.45745936 0.46025488 0.44129339 0.54569318 0.52194795
 0.44954171 0.45457265 0.4419283  0.45370209 0.47552115 0.46011458
 0.44126647 0.45258141]

nu is : -0.7760346148675543
sigam is: 0.005207666753787451

E is: 0.4602336171855945
Var is: 0.07792449061994022

3倍下界是: 0.4530931184510738
3倍上界是: 0.46747396828985394

1倍下界是: 0.45783689551650014
1倍上界是: 0.46263033879827375