r is: [0.48704002 0.47354625 0.49218761 0.53573481 0.56472472 0.52639802
 0.53180544 0.45363774 0.48967803 0.48460729 0.52510322 0.53174105
 0.47821333 0.52732719 0.50746426 0.50170276 0.50151503 0.49874074
 0.47809483 0.51112448 0.53155756 0.49751258 0.45111643 0.58084009
 0.46074017 0.48488041 0.50366247 0.49719378 0.47503851 0.52264192
 0.58269017 0.49849868 0.58900077 0.50045314 0.5597206  0.51688359
 0.50836989 0.48754624 0.54038006 0.47317758 0.50385713 0.51360859
 0.49939974 0.50869877 0.52025269 0.50816788 0.51169179 0.54046964
 0.50196934 0.56496404]

nu is : -0.6738091547314913
sigam is: 0.003744932048748458

E is: 0.50976668288882
Var is: 0.09559925417892597

3倍下界是: 0.5040680748536406
3倍上界是: 0.5155224850228668

1倍下界是: 0.5078576502167729
1倍上界是: 0.5116757155441565