r is: [0.45885147 0.46476167 0.46559649 0.44026022 0.43961018 0.48887591
 0.46023815 0.44255429 0.48871561 0.44818918 0.44035753 0.44850141
 0.45797766 0.4840172  0.47910775 0.43622598 0.4839387  0.50596668
 0.46476413 0.52150599 0.45559918 0.43499494 0.47385582 0.47078662
 0.43602444 0.43942992 0.47399028 0.45542085 0.45915077 0.43498895
 0.46349683 0.45389451 0.4296908  0.46261012 0.44672872 0.48469269
 0.50581282 0.45632    0.4647139  0.45961637 0.46763766 0.50173888
 0.49417752 0.47209237 0.45387346 0.46309299 0.4604492  0.51462904
 0.45091956 0.51056374]

nu is : -0.7659696357848478
sigam is: 0.002335904426635131

E is: 0.4648842135311171
Var is: 0.07950555713698124

3倍下界是: 0.4616365669646669
3倍上界是: 0.46815215307000957

1倍下界是: 0.4637982904128004
1倍上界是: 0.4659701366471269