r is: [0.38382989 0.36975132 0.37101332 0.38233099 0.34466556 0.37114508
 0.42001823 0.39316803 0.39242856 0.44853178 0.39322733 0.40904829
 0.3841176  0.38410943 0.3703675  0.37317994 0.39187248 0.40698855
 0.40683467 0.37021427 0.36683588 0.35173871 0.3572583  0.35526629
 0.35559264 0.56562839 0.37284266 0.36365737 0.36633594 0.36276198
 0.37044809 0.35777057 0.3793358  0.36266442 0.3711781  0.40039458
 0.37693117 0.40378528 0.37169882 0.35182845 0.35160627 0.36005435
 0.3942499  0.37794606 0.37412713 0.38328683 0.39089851 0.42054055
 0.36554233 0.38465662]

nu is : -0.9637674624412211
sigam is: 0.006052884372350643

E is: 0.3814600531363319
Var is: 0.05353275068364379

3倍下界是: 0.374588902045236
3倍上界是: 0.38844301117206514

1倍下界是: 0.37915114769698455
1倍上界是: 0.38376895849034104