r is: [0.40468178 0.38323229 0.43843469 0.36373642 0.38991784 0.40008944
 0.40525673 0.38176666 0.4259503  0.42363974 0.39107864 0.48167249
 0.43404298 0.4103992  0.44533048 0.42764398 0.43565548 0.43416217
 0.44404459 0.57428898 0.46727801 0.47758623 0.43270934 0.48921161
 0.54794491 0.61515672 0.42577993 0.46777183 0.44741823 0.45870761
 0.41517447 0.48950143 0.43942795 0.50719164 0.45714249 0.47913713
 0.45533597 0.44849907 0.44005282 0.43507915 0.41002333 0.43891941
 0.43830056 0.41526462 0.45927364 0.47936365 0.46653577 0.49926102
 0.44120626 0.4024778 ]

nu is : -0.8106015531507502
sigam is: 0.00997342248536609

E is: 0.44461265299779273
Var is: 0.07272979321627297

3倍下界是: 0.4314853067482241
3倍上界是: 0.45809381220784395

1倍下界是: 0.4401784898240206
1倍上界是: 0.44904681543840974