r is: [0.38373619 0.3700403  0.3711974  0.38254638 0.34528247 0.37150949
 0.42046897 0.39350084 0.39280359 0.44858492 0.39344293 0.40930935
 0.38436076 0.38419341 0.37070462 0.3735436  0.39212607 0.40706264
 0.40695375 0.37054134 0.36729565 0.35237727 0.35765325 0.35585269
 0.35624588 0.56533857 0.37326497 0.36421975 0.36683753 0.36335267
 0.3712474  0.35819231 0.37976031 0.36320123 0.37167726 0.40065274
 0.37729914 0.40431713 0.37228297 0.35256274 0.35227123 0.36040016
 0.39456959 0.37883187 0.37471497 0.38367114 0.39153904 0.42090606
 0.36601432 0.38531551]

nu is : -0.9626865026510807
sigam is: 0.005991997298259947

E is: 0.38187247903034355
Var is: 0.05364853068967876

3倍下界是: 0.3750625396390619
3倍上界是: 0.38879210574480205

1倍下界是: 0.3795843275114929
1倍上界是: 0.38416063046714966