r is: [0.35871812 0.36132801 0.37745409 0.35608793 0.36485205 0.35619161
 0.36715484 0.36767544 0.35905421 0.38515985 0.41952438 0.362098
 0.37400232 0.38615525 0.43217076 0.35998351 0.36036561 0.37569453
 0.43398668 0.43825707 0.37622284 0.35808848 0.39150693 0.37764144
 0.41934722 0.38804678 0.44285398 0.39912062 0.39568047 0.4052638
 0.35628792 0.38723946 0.36860751 0.39417582 0.36788833 0.40063031
 0.35830071 0.36454547 0.3882781  0.38128319 0.37131629 0.35367902
 0.40345531 0.39533402 0.39855688 0.37370624 0.3607858  0.36421096
 0.35629073 0.34750321]

nu is : -0.967294059038628
sigam is: 0.0038225293765681823

E is: 0.380112980565837
Var is: 0.05315416072244993

3倍下界是: 0.3757761543053567
3倍上界是: 0.38449423989767517

1倍下界是: 0.37865999460134514
1倍上界是: 0.3815659665168029