r is: [0.37288982 0.33589768 0.355546   0.36276316 0.35595284 0.35736665
 0.36633147 0.3572228  0.36835804 0.36827562 0.37205181 0.38348664
 0.37643447 0.36584436 0.38360092 0.37619528 0.38656834 0.37837269
 0.38676352 0.37630986 0.38083273 0.37533811 0.36321826 0.37148187
 0.37582349 0.37766323 0.38952449 0.3737549  0.34195163 0.3767967
 0.40582745 0.34810511 0.37236904 0.3846018  0.37515332 0.37607781
 0.37399765 0.37868141 0.37553483 0.38210759 0.3681888  0.36650612
 0.35253662 0.37845722 0.37173133 0.38668622 0.3576238  0.36793043
 0.38792209 0.36438956]

nu is : -0.9901415885018148
sigam is: 0.00119840609842582

E is: 0.3715243505467349
Var is: 0.050778598392644

3倍下界是: 0.37019077178631965
3倍上界是: 0.37286219790740877

1倍下界是: 0.37107911371240854
1倍上界是: 0.3719695873809335