r is: [0.38467964 0.38741611 0.36370231 0.37922749 0.3621913  0.3856819
 0.37397113 0.38737998 0.38927589 0.38686695 0.37953134 0.3789339
 0.3790594  0.3894565  0.38084276 0.37726482 0.36991168 0.36347757
 0.40951016 0.37162666 0.36843555 0.35562587 0.37695831 0.37591179
 0.37153038 0.37893179 0.3807641  0.35269123 0.35773703 0.40166988
 0.37848955 0.3812926  0.37942101 0.38170431 0.36968752 0.37373459
 0.38322467 0.39558184 0.38584228 0.40421813 0.36045956 0.39395217
 0.38483932 0.36869363 0.38491373 0.36733055 0.37415903 0.37864201
 0.3555596  0.38475817]

nu is : -0.973012623899659
sigam is: 0.0010397935396294436

E is: 0.37794292632738624
Var is: 0.05254827093381275

3倍下界是: 0.3767656116969924
3倍上界是: 0.37912350992514326

1倍下界是: 0.3775499438558326
1倍上界是: 0.37833590879886625