r is: [0.31724504 0.34563134 0.33874023 0.34833282 0.35321723 0.38018727
 0.31916536 0.35648851 0.30034909 0.33562574 0.30442574 0.34440846
 0.32211214 0.28780741 0.26601779 0.38148058 0.38499812 0.39775196
 0.35868336 0.36890907 0.38449166 0.29876526 0.27273402 0.3466852
 0.38919602 0.34138853 0.27362953 0.35547592 0.35178018 0.35746043
 0.36614591 0.35362052 0.30988255 0.37736275 0.36505005 0.3205339
 0.358887   0.28249638 0.40065945 0.39103048 0.38179993 0.36871048
 0.35418804 0.30448247 0.37020234 0.29804081 0.38017792 0.36539947
 0.3296849  0.37574645]

nu is : -1.0704214416115003
sigam is: 0.011464306663549542

E is: 0.3428865219170184
Var is: 0.04325770018168286

3倍下界是: 0.33127237340689536
3倍上界是: 0.3548612107367816

1倍下界是: 0.3389557373976245
1倍上界是: 0.3468173054492807