r is: [0.34762813 0.33102243 0.34170245 0.2513345  0.33529786 0.36150719
 0.25974362 0.32946009 0.35640419 0.25365068 0.25996117 0.29934952
 0.36052655 0.30447802 0.31124185 0.31300537 0.32834465 0.31285456
 0.34786754 0.3783125  0.41120117 0.33261023 0.33694751 0.35252783
 0.35464964 0.40262965 0.29261245 0.3414684  0.3215567  0.38285716
 0.38790056 0.36942678 0.38684624 0.37145884 0.37544804 0.3927088
 0.37248445 0.39424489 0.37798365 0.4106852  0.40270339 0.36398186
 0.33385921 0.3901278  0.38192052 0.39471178 0.3841831  0.3957735
 0.40096771 0.39004212]

nu is : -1.0523287628356888
sigam is: 0.01629755762951928

E is: 0.3491701437591837
Var is: 0.044863698634629766

3倍下界是: 0.33246475126987124
3倍上界是: 0.3666175435602968

1倍下界是: 0.34348002497534014
1倍上界是: 0.3548602584377245