r is: [0.35190486 0.28170784 0.38110683 0.33354039 0.36605961 0.29616271
 0.33693367 0.35294904 0.33752151 0.26991419 0.35206654 0.3379769
 0.36034214 0.32845996 0.3770905  0.38892273 0.34557948 0.32568891
 0.39770648 0.35744461 0.3501258  0.34572901 0.3897289  0.36256315
 0.37381735 0.37014306 0.37068331 0.38085925 0.37330075 0.36721746
 0.3697167  0.33550762 0.38297477 0.32403346 0.27993979 0.37878532
 0.36865838 0.36462639 0.37619225 0.36347274 0.37900339 0.41124169
 0.3575691  0.372195   0.39384786 0.3766926  0.38510111 0.37215323
 0.42445537 0.31908815]

nu is : -1.0313886806583639
sigam is: 0.008628095033204001

E is: 0.356524806304617
Var is: 0.046764613995178665

3倍下界是: 0.3474018966066974
3倍上界是: 0.3658600500716883

1倍下界是: 0.3534487525617874
1倍上界是: 0.3596008597181482