r is: [0.36869324 0.35212132 0.35355731 0.34299938 0.36697759 0.36868364
 0.32046413 0.38537982 0.38378317 0.34137875 0.34300393 0.36031304
 0.33085666 0.34483316 0.38592207 0.36224901 0.40701742 0.39071429
 0.37729752 0.39000824 0.37659769 0.39125209 0.38278675 0.39513842
 0.35280272 0.37838311 0.37216686 0.29437704 0.32472157 0.36065311
 0.38107989 0.40818515 0.33246366 0.39146289 0.42328891 0.3388757
 0.34066544 0.38699742 0.40017784 0.34834102 0.31972682 0.36636317
 0.39549282 0.35913009 0.32238962 0.39434248 0.40019216 0.37666393
 0.39432933 0.39147946]

nu is : -1.0038114185041436
sigam is: 0.005959937682265978

E is: 0.36648647624554204
Var is: 0.049412502720919106

3倍下界是: 0.3599856060409405
3倍上界是: 0.37309149091639654

1倍下界是: 0.36430226550903894
1倍上界是: 0.36867068690497795