r is: [0.23872118 0.26815927 0.28509226 0.25982987 0.25895945 0.26699753
 0.2541796  0.25785367 0.3189003  0.26416533 0.34056111 0.33635219
 0.33909223 0.3356092  0.2742216  0.28785223 0.24610844 0.37204415
 0.34806108 0.34503712 0.18279318 0.31294421 0.24952683 0.27759077
 0.33632327 0.27040302 0.33060478 0.33460595 0.3514473  0.2969569
 0.31118492 0.36740922 0.26728219 0.20197261 0.34270723 0.31389544
 0.33342241 0.34344459 0.37357624 0.27013095 0.32718428 0.27422875
 0.34887991 0.29365397 0.29235232 0.27963658 0.22885264 0.36809747
 0.22978055 0.39798095]

nu is : -1.2167749756110675
sigam is: 0.027914749987282297

E is: 0.2962992490063722
Var is: 0.03232250685712652

3倍下界是: 0.2723903242879107
3倍上界是: 0.3220557133271804

1倍下界是: 0.2880302626852497
1倍上界是: 0.3045682053480193