r is: [0.29513279 0.36479686 0.27401895 0.2993073  0.33829188 0.3516423
 0.32941326 0.35807081 0.36013217 0.27790034 0.33225611 0.37548313
 0.31827133 0.27846226 0.33927354 0.30348516 0.28953666 0.3168278
 0.31390257 0.33647994 0.33954848 0.33576087 0.34024913 0.40606991
 0.27242242 0.29692136 0.39027898 0.3855763  0.41612691 0.37183833
 0.38207202 0.38129162 0.37357079 0.37875563 0.34551061 0.35503243
 0.34908977 0.30302763 0.27690348 0.35822966 0.37530728 0.29249527
 0.38107072 0.32807498 0.36463718 0.30433608 0.38183834 0.36299398
 0.39301989 0.33320883]

nu is : -1.0834271982679093
sigam is: 0.012947186977413002

E is: 0.3384620235093317
Var is: 0.04215006142522753

3倍下界是: 0.3255403834273048
3倍上界是: 0.35183757753365064

1倍下界是: 0.3340801364658934
1倍上界是: 0.3428439089677274

第二次：
r is: [0.29509876 0.36479443 0.2740634  0.29927947 0.33821843 0.35160995
 0.32937446 0.3580783  0.3600913  0.27781688 0.33223784 0.37543637
 0.31835172 0.27847477 0.33921288 0.30347827 0.28949121 0.31677964
 0.31383107 0.33649563 0.33956222 0.33575258 0.34021864 0.40606124
 0.27239484 0.29691705 0.39024246 0.38558741 0.41610377 0.37171843
 0.38198466 0.38117063 0.37346367 0.37863119 0.34540617 0.35497019
 0.34902847 0.30297535 0.27690196 0.35814743 0.3752527  0.29246222
 0.38100738 0.32810162 0.36458551 0.30431163 0.38176164 0.36293085
 0.39295178 0.33317197]

nu is : -1.0835381328976699
sigam is: 0.012939194196585778

E is: 0.33842444342191247
Var is: 0.04214069322149841

3倍下界是: 0.3255120768749367
3倍上界是: 0.3517901132821627

1倍下界是: 0.3340457474090206
1倍上界是: 0.3428031378538476