r is: [0.27167272 0.28541111 0.25957002 0.25856341 0.28976415 0.33038297
 0.36269547 0.37970996 0.38046875 0.37248561 0.29962311 0.34537589
 0.33666137 0.36127093 0.34388123 0.33260978 0.30204111 0.3400302
 0.34277142 0.299602   0.32774226 0.26805262 0.31715681 0.18285135
 0.35439653 0.33637608 0.55460569 0.3468439  0.30623102 0.34044362
 0.33367722 0.3221952  0.32616786 0.27412653 0.26798695 0.28323136
 0.30071542 0.27424041 0.28917772 0.33378887 0.28838422 0.24617693
 0.29610304 0.31567233 0.37304753 0.26556362 0.31338275 0.33903042
 0.30164241 0.37877688]

nu is : -1.1549360337034125
sigam is: 0.02532677841967406

E is: 0.3151787594342183
Var is: 0.036567728006622495

3倍下界是: 0.292024852520971
3倍上界是: 0.33995035102074744

1倍下界是: 0.30719799263443437
1倍上界是: 0.3231595046241793