r is: [0.24478966 0.20750994 0.25275995 0.37822381 0.42472901 0.28243683
 0.3329644  0.19670157 0.25936647 0.23239475 0.35061098 0.29747345
 0.28050598 0.2853254  0.30834234 0.28583343 0.28649951 0.28979856
 0.22436937 0.28982544 0.30222998 0.29554624 0.19163687 0.48629614
 0.20287491 0.2601136  0.27504824 0.26280729 0.22401613 0.30239849
 0.47921138 0.27933386 0.44587177 0.30015226 0.40133757 0.33598504
 0.2964322  0.26934374 0.38926196 0.19248877 0.27825609 0.29709962
 0.27089237 0.28137007 0.25976491 0.27582866 0.30515661 0.37088995
 0.26988341 0.36245623]

nu is : -1.236392276885728
sigam is: 0.04786027048572843

E is: 0.29076294257164387
Var is: 0.03117298755118949

3倍下界是: 0.25158532354660895
3倍上界是: 0.3352725601981481

1倍下界是: 0.2768574441374807
1倍上界是: 0.3046681868950037