r is: [0.33972648 0.35174494 0.36379077 0.32033175 0.30864016 0.40910828
 0.33346114 0.34615815 0.39856415 0.32445735 0.30837468 0.3098035
 0.33296879 0.37972035 0.37853937 0.31396623 0.42241303 0.43923679
 0.35226652 0.41646563 0.32145469 0.3179938  0.36173046 0.36043968
 0.28539518 0.31335078 0.31854288 0.34629567 0.33863979 0.2811846
 0.34493569 0.3438598  0.30727824 0.38227116 0.3136757  0.3713211
 0.43213673 0.33676393 0.34994172 0.32992308 0.37334827 0.44106995
 0.38526961 0.3660404  0.33827644 0.3365911  0.3486429  0.44082928
 0.33638247 0.44488503]

nu is : -1.044075115525838
sigam is: 0.013335274268308989

E is: 0.35204854507226335
Var is: 0.0456024164303556

3倍下界是: 0.33821248122631026
3倍上界是: 0.36638547379616104

1倍下界是: 0.34735415851614787
1倍上界是: 0.35674292977297484