r is: [0.31262569 0.29953748 0.42166394 0.22652399 0.28625074 0.26749197
 0.32573387 0.21943582 0.35979108 0.23355388 0.22015762 0.28647222
 0.33120623 0.30211377 0.36293211 0.27142117 0.31877624 0.49168414
 0.32102226 0.39542035 0.28880925 0.277138   0.30870786 0.2923071
 0.30548995 0.30827498 0.3283452  0.37190746 0.36471202 0.32919743
 0.29775636 0.28973596 0.30525914 0.32494523 0.32818877 0.27409006
 0.35275245 0.33545239 0.27205706 0.30680837 0.34837897 0.26288346
 0.27443324 0.31012022 0.3358282  0.30433772 0.26705457 0.35518567
 0.30831946 0.29492994]

nu is : -1.1778477286859357
sigam is: 0.023466416366276336

E is: 0.3080255969943061
Var is: 0.0349235423259296

3倍下界是: 0.28700748661828
3倍上界是: 0.33040091116126413

1倍下界是: 0.30079865899274466
1倍上界是: 0.31525251943051813