r is: [0.30162994 0.30421164 0.3261035  0.29799673 0.302099   0.29049468
 0.29902011 0.28622978 0.2793817  0.31634143 0.35137881 0.29429532
 0.30877276 0.33122902 0.41195058 0.26671122 0.27501122 0.29764992
 0.40391978 0.40374362 0.29900874 0.2717859  0.3388438  0.31765438
 0.38066982 0.34849724 0.4025914  0.34732498 0.35685926 0.34508285
 0.27158961 0.34564823 0.28344934 0.3372561  0.29020272 0.36111452
 0.2965217  0.30169246 0.3023225  0.32763352 0.28698032 0.27726025
 0.33751345 0.34624931 0.36254831 0.30117177 0.3076672  0.2880565
 0.26530699 0.29316059]

nu is : -1.1499386531831683
sigam is: 0.01344145749782517

E is: 0.3166848015023217
Var is: 0.036901024621272545

3倍下界是: 0.3041412565853456
3倍上界是: 0.329686102849303

1倍下界是: 0.31242835169128863
1倍上界是: 0.32094124959053233
In [12]:

import matplotlib.pyplot as plt