r is: [0.20114707 0.16871729 0.25918349 0.12659622 0.18411918 0.19953191
 0.2127719  0.16453276 0.27288881 0.26789254 0.19989773 0.35090401
 0.24927525 0.2696906  0.28774635 0.26716745 0.29382214 0.26001421
 0.32221473 0.58787458 0.32743515 0.34383626 0.29189471 0.42761953
 0.51239804 0.65233332 0.25498617 0.3501132  0.29332968 0.30001093
 0.2365831  0.3442747  0.31171865 0.41033398 0.31058712 0.37048093
 0.31914976 0.33496746 0.29108499 0.28325572 0.22038433 0.27403193
 0.27550702 0.27257727 0.3268081  0.33756609 0.36178248 0.43514567
 0.30174412 0.21398354]

nu is : -1.2416865470696472
sigam is: 0.0935216056287197

E is: 0.29016272238022234
Var is: 0.031245481267333987

3倍下界是: 0.21822004076336407
3倍上界是: 0.382463624270787

1倍下界是: 0.26310340407231364
1倍上界是: 0.3172183498467237