r is: [0.31330327 0.28529688 0.29153033 0.30876003 0.23809487 0.30905593
 0.3770052  0.32885962 0.33769386 0.41134971 0.34270531 0.35626937
 0.31562779 0.33246918 0.28561989 0.30119367 0.32362792 0.35024711
 0.37148368 0.28973108 0.28293049 0.24689787 0.27162955 0.25639891
 0.25839463 0.62390853 0.30044793 0.27899627 0.28373323 0.27364449
 0.25901888 0.2717042  0.30539604 0.2734841  0.30348951 0.33620882
 0.30682978 0.33977504 0.28954566 0.24187686 0.24330628 0.27434098
 0.31252365 0.2711081  0.28582375 0.30344341 0.31302295 0.39402951
 0.27467539 0.2859016 ]

nu is : -1.189829344605851
sigam is: 0.026220636342339506

E is: 0.30437780069647663
Var is: 0.0341059424093428

3倍下界是: 0.281255645259022
3倍上界是: 0.3291744467102533

1倍下界是: 0.2963986379301308
1倍上界是: 0.31235693948802146