r is: [0.32402026 0.31422423 0.22467856 0.23427927 0.26528552 0.27210876
 0.2624313  0.44989128 0.27824634 0.30775432 0.35771151 0.30481371
 0.28168209 0.34310652 0.23241632 0.30329354 0.31230893 0.34172722
 0.22411815 0.22949197 0.31813051 0.25468488 0.50417303 0.34915586
 0.28585885 0.30038711 0.35570166 0.34376068 0.29963352 0.519808
 0.37234957 0.32905387 0.32316835 0.30641934 0.38008367 0.3101032
 0.30098612 0.32756963 0.34958055 0.2865824  0.52137974 0.4204649
 0.29954162 0.31254958 0.28279529 0.30425158 0.3561139  0.33003959
 0.28051713 0.30944094]

nu is : -1.1523893928790008
sigam is: 0.03717967286735959

E is: 0.3160995040138301
Var is: 0.03680895468380928

3倍下界是: 0.28254190263572176
3倍上界是: 0.3531542409509421

1倍下界是: 0.3043523916817371
1倍上界是: 0.32784651571424045