r is: [0.35606465 0.37524671 0.33561015 0.34063319 0.37951547 0.40687547
 0.464839   0.49313613 0.48809641 0.47317251 0.39695355 0.4437367
 0.43173056 0.46291252 0.45067721 0.43003155 0.39824413 0.43935937
 0.43295482 0.38160585 0.41384746 0.35437793 0.4201532  0.25577815
 0.45415329 0.42444653 0.71445857 0.44077913 0.38820603 0.43430221
 0.42334731 0.40641914 0.41890208 0.36407977 0.3549041  0.37581603
 0.3843599  0.34881317 0.37038187 0.42931855 0.36428781 0.31727501
 0.39111259 0.40719128 0.51484259 0.34073304 0.43090054 0.44990619
 0.39711989 0.48754356]

nu is : -0.8954565077328321
sigam is: 0.023084551847350927

E is: 0.4085299462784314
Var is: 0.061430598417646406

3倍下界是: 0.38109363866612894
3倍上界是: 0.4377081774480038

1倍下界是: 0.39910088095326607
1倍上界是: 0.41795899227070926