r is: [0.43620735 0.37854702 0.39384521 0.41220806 0.30563718 0.39775514
 0.47383802 0.42438257 0.43125255 0.56850936 0.43806891 0.46591
 0.41493449 0.44453268 0.37514805 0.38888118 0.42872886 0.48008108
 0.48366979 0.38143372 0.36274673 0.31522887 0.34636709 0.32703855
 0.32675653 0.90644377 0.38245249 0.35189794 0.35931635 0.34467221
 0.32582241 0.34914448 0.39018727 0.3485558  0.38200616 0.43815862
 0.39693225 0.42403629 0.36374765 0.30783807 0.30786156 0.34803579
 0.41277092 0.33823668 0.36432745 0.39411488 0.38873205 0.49177986
 0.34561322 0.36196115]

nu is : -0.933462174587805
sigam is: 0.03302903238771295

E is: 0.3934045858628361
Var is: 0.0569978053104286

3倍下界是: 0.3560980118805408
3倍上界是: 0.43414570412906583

1倍下界是: 0.38041549831968896
1倍上界是: 0.40639359539688963