r is: [0.44098436 0.42611504 0.45062458 0.42395378 0.41893826 0.39843868
 0.39979868 0.38420543 0.37208987 0.4121061  0.45445826 0.39559495
 0.42441584 0.46438993 0.61871226 0.3515517  0.36502356 0.39060004
 0.53484668 0.5589641  0.38818358 0.34882859 0.4438416  0.4156482
 0.51807728 0.4780774  0.548519   0.45153701 0.47334484 0.43815933
 0.35398587 0.45842895 0.36738778 0.46663917 0.37177523 0.48491681
 0.37282079 0.39091938 0.38386072 0.42746194 0.36435489 0.35736379
 0.42272526 0.48890592 0.47748279 0.38607653 0.41548018 0.35833059
 0.33462983 0.38911576]

nu is : -0.8643716446894848
sigam is: 0.018455414966929658

E is: 0.4213879624988756
Var is: 0.06534580167288857

3倍下界是: 0.3986235107643536
3倍上界是: 0.4453007422559527

1倍下界是: 0.41361195161266656
1倍上界是: 0.42916396523829164