r is: [0.27723263 0.23337199 0.38333848 0.19576901 0.25287858 0.26925656
 0.28277283 0.23156835 0.33642094 0.3435826  0.266752   0.45153263
 0.31667399 0.33145298 0.37295795 0.34598638 0.38182725 0.33627143
 0.4190193  0.75359206 0.43446423 0.46255323 0.3703266  0.52722474
 0.63825117 0.86406837 0.33592909 0.45952599 0.38370728 0.3901483
 0.30679705 0.44352656 0.40174401 0.53986106 0.4026681  0.4716356
 0.40157976 0.41732465 0.37952018 0.36272449 0.29165624 0.34606242
 0.3490587  0.34914647 0.43267243 0.45541774 0.44544575 0.53047461
 0.37466751 0.28276198]

nu is : -0.9757217779518218
sigam is: 0.07984833212655436

E is: 0.37812369559082987
Var is: 0.05293492004544492

3倍下界是: 0.2966308702356082
3倍上界是: 0.47894151766997

1倍下界是: 0.3479939758691334
1倍上界是: 0.4082508578591962