r is: [0.40962839 0.39624883 0.5379378  0.30085877 0.36953017 0.34513197
 0.47513668 0.2951516  0.4506887  0.28214667 0.28333197 0.36329202
 0.42627128 0.3907876  0.44324762 0.35360706 0.41986404 0.61387762
 0.39722281 0.53131958 0.37787303 0.34941213 0.39993393 0.34897991
 0.38339339 0.39178934 0.40702343 0.46284737 0.45843381 0.42210457
 0.37505303 0.36270286 0.39411448 0.43607599 0.41846272 0.34962425
 0.44725227 0.43766777 0.34347843 0.40216146 0.44388051 0.33205148
 0.35301892 0.38896264 0.43085692 0.37655404 0.34080158 0.46124698
 0.38767799 0.37346928]

nu is : -0.9309473340713897
sigam is: 0.02374381164036029

E is: 0.39429124203293403
Var is: 0.05722484447314227

3倍下界是: 0.3670787893864188
3倍上界是: 0.4232823201039123

1倍下界是: 0.38493101378968625
1倍上界是: 0.40365144939272724