r is: [0.44271456 0.45735545 0.48195026 0.39513658 0.39161739 0.53835826
 0.41813454 0.4564942  0.52380247 0.41608904 0.3929146  0.39609006
 0.42424803 0.49301032 0.48988997 0.40760486 0.53558009 0.57540948
 0.44103334 0.5335819  0.40886312 0.4024082  0.46692356 0.48233191
 0.35481758 0.39830563 0.39641326 0.42681621 0.42577044 0.35518751
 0.42065533 0.44214487 0.38453768 0.48544403 0.40782281 0.45138491
 0.57829511 0.45254992 0.47290075 0.43658685 0.45934553 0.55458831
 0.49895838 0.46664671 0.43308916 0.43554843 0.45106222 0.57794366
 0.42994856 0.61889831]

nu is : -0.7940324560564126
sigam is: 0.016416856060980794

E is: 0.4520792876063874
Var is: 0.07520587803011776

3倍下界是: 0.43029553131391146
3倍上界是: 0.47483785654067356

1倍下界是: 0.4446582310008223
1倍上界是: 0.4595003387393725