r is: [0.31588882 0.27851269 0.33054136 0.46414424 0.52623919 0.37446493
 0.43231269 0.2565817  0.33364463 0.30316948 0.43133254 0.39601
 0.35128498 0.38555463 0.36931993 0.36044685 0.37730195 0.36238414
 0.29436281 0.37533969 0.39624508 0.38617739 0.25603419 0.5929019
 0.26386028 0.33870225 0.35547618 0.33570449 0.29485165 0.39053321
 0.59456942 0.35396927 0.58376859 0.36894089 0.50647579 0.42654968
 0.38282272 0.34104853 0.48331004 0.25482344 0.35402584 0.38987518
 0.34239371 0.36385252 0.34957469 0.36329178 0.38604273 0.46919413
 0.35235671 0.48351407]

nu is : -0.9844227356960366
sigam is: 0.04194046526605895

E is: 0.37398363680513635
Var is: 0.05154358770156357

3倍下界是: 0.329478515173679
3倍上界是: 0.42375435633749275

1倍下界是: 0.35830768694643894
1倍上界是: 0.38965939389775284