r is: [0.41442781 0.44201653 0.29645163 0.31400312 0.34152619 0.35407397
 0.3485665  0.59068332 0.35291678 0.38535811 0.48042115 0.39073936
 0.37073128 0.4509035  0.31453087 0.38447703 0.38736621 0.42267091
 0.29497538 0.30059802 0.39545242 0.33441996 0.65232445 0.43297673
 0.35475951 0.36643689 0.43469615 0.43270798 0.38346941 0.65779997
 0.47775776 0.41223832 0.40456606 0.39172966 0.46921165 0.39587663
 0.39301674 0.40500815 0.4232627  0.36549997 0.64259795 0.55409898
 0.38118215 0.41389694 0.36407229 0.39806884 0.45733138 0.41747572
 0.36156722 0.39298846]

nu is : -0.9042819720713284
sigam is: 0.034250668939157417

E is: 0.4050699876026356
Var is: 0.06043313525690193

3倍下界是: 0.3653008644075266
3倍上界是: 0.4486420320396735

1倍下界是: 0.39120144736873635
1倍上界是: 0.4189384349571799