r is: [0.11422947 0.08858712 0.12603688 0.21574106 0.26081349 0.1662821
 0.19264727 0.07718902 0.12645872 0.10613243 0.19939546 0.18086903
 0.15082142 0.17307649 0.15653034 0.15023672 0.15677136 0.16620541
 0.09870945 0.15245535 0.17651298 0.1670871  0.06169828 0.3032426
 0.07161078 0.12485437 0.14300382 0.13863194 0.0974609  0.17261817
 0.29995046 0.13996457 0.29151477 0.16028512 0.24339997 0.19409966
 0.1552143  0.12752484 0.23184831 0.07462433 0.14338713 0.16394094
 0.13505988 0.14725668 0.14742724 0.14731892 0.16455574 0.22696673
 0.13785286 0.24149092]

nu is : -1.8819241672902607
sigam is: 0.1283175663634711

E is: 0.15355576801811782
Var is: 0.008818376123416563

3倍下界是: 0.10363534220256755
3倍上界是: 0.2238069412432597

1倍下界是: 0.13395628901142792
1倍上界是: 0.17314833901584437