r is: [0.10156742 0.06699674 0.17777427 0.03695173 0.08090079 0.09707275
 0.10595143 0.06584851 0.14554573 0.15511745 0.08871596 0.23354557
 0.14434083 0.13296838 0.17464095 0.15020092 0.1748439  0.15166502
 0.2118983  0.41828606 0.21261595 0.22683241 0.16265481 0.27125851
 0.3442739  0.4740488  0.14316718 0.22572885 0.17449155 0.19404908
 0.12310739 0.22585638 0.18856319 0.2857458  0.19317304 0.23684005
 0.19180726 0.20429577 0.17987083 0.16231157 0.11259033 0.15712691
 0.15942571 0.16472651 0.21028859 0.23421276 0.21517092 0.27164146
 0.17109061 0.10200078]

nu is : -1.797193693660261
sigam is: 0.21417136568633136

E is: 0.16960908213729353
Var is: 0.011079611742576982

3倍下界是: 0.08718632439322835
3倍上界是: 0.3151584985824024

1倍下界是: 0.13380589695570574
1倍上界是: 0.20535351369292876