r is: [0.22154587 0.20068884 0.29183426 0.12831322 0.1817894  0.16410992
 0.24191874 0.12767214 0.23803302 0.13902044 0.12396774 0.17858706
 0.23022018 0.20275841 0.23294085 0.17619923 0.21506613 0.3445878
 0.20309422 0.28050595 0.20066178 0.17569213 0.20793191 0.19014143
 0.18931884 0.20432529 0.20700207 0.24603465 0.24803364 0.21412661
 0.18728682 0.17562448 0.19984755 0.22230139 0.21363808 0.17130072
 0.24111284 0.22566756 0.17044533 0.20278215 0.23658203 0.15865613
 0.17320709 0.19784462 0.22404413 0.19418966 0.1613508  0.23895636
 0.19953588 0.18521618]

nu is : -1.6105819249028854
sigam is: 0.04022476514810879

E is: 0.1999330119003844
Var is: 0.014729134817089404

3倍下界是: 0.1770618415136113
3倍上界是: 0.225393474295162

1倍下界是: 0.1918950463415034
1倍上界是: 0.20797089025857096