r is: [0.23160627 0.19599083 0.20573094 0.21650666 0.14650919 0.21039679
 0.26409569 0.23147766 0.23128813 0.30667729 0.23961072 0.25189481
 0.22259739 0.23980297 0.19536667 0.20365202 0.22693615 0.25552152
 0.26462683 0.19911501 0.18749107 0.15216244 0.18021564 0.16201626
 0.15932777 0.48426588 0.20074658 0.17888373 0.18525698 0.17147955
 0.16382242 0.17923058 0.20439432 0.17546589 0.19942959 0.23961686
 0.20853345 0.23101836 0.18520211 0.14573456 0.14899718 0.18333014
 0.22006595 0.16952496 0.18559334 0.20521713 0.2080921  0.270147
 0.17815551 0.18813511]

nu is : -1.585570273997226
sigam is: 0.044380357852727634

E is: 0.20503276857394973
Var is: 0.015495566694652975

3倍下界是: 0.17929705068550142
3倍上界是: 0.23400116138826396

1倍下界是: 0.19593924704628848
1倍上界是: 0.21412615760428122