r is: [0.21378634 0.21882274 0.11453894 0.13087062 0.14929416 0.15431987
 0.14736022 0.30860106 0.16316309 0.18191211 0.24068171 0.18935872
 0.16685076 0.22554411 0.12334447 0.17774247 0.19972955 0.22341099
 0.11415011 0.11693088 0.18283896 0.143312   0.34891783 0.21760948
 0.16869239 0.17406889 0.23942491 0.22440916 0.17764016 0.36466008
 0.24012004 0.20255649 0.20090069 0.18994129 0.24954011 0.19303882
 0.20477628 0.19638666 0.21549399 0.16838054 0.36508844 0.29648019
 0.17818762 0.20506054 0.16689856 0.18556568 0.22475629 0.20551851
 0.15576351 0.18060493]

nu is : -1.6433874905709118
sigam is: 0.07267272250240067

E is: 0.1938352265938792
Var is: 0.013895192917263616

3倍下界是: 0.1554539616003443
3倍上界是: 0.24041965428646292

1倍下界是: 0.17977302193222341
1倍上界是: 0.20789653143565878