r is: [0.24416104 0.25071134 0.26187047 0.22666492 0.20946201 0.30301685
 0.23396589 0.25505557 0.28924091 0.2252277  0.21710276 0.21019394
 0.22924691 0.27363071 0.26870445 0.22296401 0.30885294 0.32144892
 0.24260461 0.30109524 0.21226778 0.22888567 0.25971968 0.26479852
 0.18832924 0.21098042 0.21603053 0.24019994 0.2292798  0.18579126
 0.24426591 0.24796557 0.21687992 0.28129136 0.21521508 0.26205566
 0.31911432 0.24297921 0.25851403 0.23292862 0.26320544 0.31163366
 0.28240969 0.25910368 0.24189677 0.23191661 0.24729601 0.31917908
 0.23678383 0.33770929]

nu is : -1.389362624749512
sigam is: 0.01968221516907252

E is: 0.24928238969608976
Var is: 0.02286951517569224

3倍下界是: 0.23494372296618968
3倍上界是: 0.2643937051768897

1倍下界是: 0.24437659047683416
1倍上界是: 0.25418818268099247