r is: [0.16452363 0.17800724 0.15025091 0.15430386 0.17954156 0.20302384
 0.23833432 0.25981504 0.249378   0.23831202 0.19463809 0.22432819
 0.21389497 0.24127579 0.22065328 0.20971772 0.18804653 0.22689836
 0.21583259 0.18381143 0.21115919 0.15826494 0.20754978 0.08427862
 0.23124133 0.21206159 0.38698603 0.23156824 0.1898901  0.22231808
 0.21513402 0.20613142 0.2054622  0.16331156 0.15274664 0.17060044
 0.18342459 0.15698264 0.17359841 0.21042947 0.17151794 0.13984271
 0.1793102  0.19120225 0.26397619 0.15163277 0.20905281 0.22724735
 0.19068122 0.24594439]

nu is : -1.6248321484283519
sigam is: 0.048905427656078373

E is: 0.1971803911727765
Var is: 0.014337442383128465

3倍下界是: 0.1700694439708584
3倍上界是: 0.22806699272164013

1倍下界是: 0.1875447911279929
1倍上界是: 0.20681580334483504