r is: [0.23403647 0.23354034 0.24852745 0.22929551 0.22984348 0.22168711
 0.22643657 0.21761453 0.20907744 0.23862237 0.27077041 0.22105626
 0.2372028  0.26027332 0.33287821 0.19711437 0.20651757 0.22428774
 0.31659571 0.31290831 0.21996999 0.19761896 0.25746112 0.23814122
 0.29131625 0.26486097 0.31250629 0.26149826 0.27221013 0.25322036
 0.20227929 0.26521432 0.210953   0.26099729 0.21329086 0.2799085
 0.21671555 0.22397228 0.22151567 0.24657609 0.20990114 0.20283322
 0.24598875 0.27053204 0.27880604 0.22079303 0.23333535 0.21033708
 0.18921122 0.2190851 ]

nu is : -1.4312287006253026
sigam is: 0.01799939521416544

E is: 0.23905378476488442
Var is: 0.02102991260945034

3倍下界是: 0.22645095623517747
3倍上界是: 0.25227626179409096

1倍下界是: 0.23475142377581382
1倍上界是: 0.24335614157239344