r is: [0.30064619 0.30035144 0.32231457 0.29471754 0.29559688 0.28671162
 0.29038838 0.27821044 0.27259064 0.30935782 0.34763039 0.28627413
 0.30814555 0.33952502 0.44744032 0.25739963 0.26227149 0.28882005
 0.42485259 0.41534822 0.28782612 0.25952409 0.34282676 0.31290709
 0.38460871 0.34510947 0.41653917 0.34937885 0.3621265  0.33830402
 0.26357372 0.35352551 0.27812543 0.34069723 0.28104718 0.37444263
 0.28119551 0.29444663 0.296547   0.32566448 0.27961938 0.26575171
 0.33021915 0.35344241 0.37244621 0.29106973 0.30261189 0.27711264
 0.24885788 0.28391301 0.26183562 0.22494658 0.23382374 0.24904245
 0.17252684 0.24718193 0.31449537 0.26801435 0.27289378 0.3570651
 0.27941153 0.29336507 0.25579362 0.27638167 0.22375544 0.23570931
 0.26160659 0.29275926 0.31046335 0.22924392 0.21831137 0.17883438
 0.20827823 0.18969397 0.18921657 0.6013794  0.2357177  0.21235577
 0.21722469 0.20258166 0.19290543 0.20660807 0.24018868 0.20577594
 0.23698093 0.27519974 0.24136092 0.2723969  0.21938582 0.17417877
 0.17707718 0.21161785 0.25149197 0.2019422  0.21834385 0.23836778
 0.24458393 0.32674688 0.2081615  0.21861477 0.23407282 0.21504153
 0.33192094 0.13802238 0.19628786 0.17641537 0.2543394  0.13305133
 0.2664861  0.14930172 0.1331505  0.19595676 0.24550264 0.21838998
 0.2677764  0.18959286 0.22873746 0.39796883 0.22686581 0.30349103
 0.2120438  0.18952993 0.22564767 0.20718768 0.20960083 0.22169514
 0.23440484 0.27726427 0.27346702 0.23593832 0.20607749 0.19356467
 0.21582333 0.23921564 0.23693281 0.18568707 0.26555745 0.2436845
 0.185111   0.21796469 0.2584974  0.17304102 0.18790051 0.2189818
 0.24366572 0.2132033  0.17657704 0.26134272 0.21855116 0.20274232
 0.16845203 0.18090926 0.15363191 0.15550868 0.18414865 0.22286347
 0.25378106 0.27407939 0.26802439 0.25668369 0.1964418  0.23807367
 0.22502458 0.25005008 0.23067834 0.21953761 0.19293158 0.23079548
 0.22985417 0.19103257 0.22019193 0.15928627 0.21225074 0.07980173
 0.24303839 0.22622709 0.4373747  0.23882292 0.19955063 0.23081284
 0.22247569 0.21311597 0.21473112 0.16619834 0.15801298 0.1750678
 0.18960162 0.16403671 0.1795493  0.21926238 0.17565782 0.13981755
 0.1838998  0.20271777 0.27072569 0.15670581 0.20950837 0.23362114
 0.19402278 0.26212019]

nu is : -1.4256639090627974
sigam is: 0.06821121607926324

E is: 0.24090863528705928
Var is: 0.02145017922580634

3倍下界是: 0.19587128252470296
3倍上界是: 0.2949261594790429

1倍下界是: 0.2245009982768883
1倍上界是: 0.2573154041658095