r is: [6.53343067e-01 7.71635008e-01 2.94324156e-01 3.35058790e-01
 2.63059312e-01 3.35457056e-01 2.98915422e-01 3.36190288e-01
 2.52297705e-01 4.37231829e-01 2.50947031e-01 2.25066513e-01
 2.38996439e-01 2.91687892e-01 3.83157444e-01 2.57508674e-01
 2.15128100e-01 2.11076802e-01 2.29280066e-01 2.08304419e-01
 1.58385963e-01 1.95870691e-01 2.50587283e-01 2.39564902e-01
 1.99510275e-01 2.53820763e-01 2.50186831e-01 2.18233072e-01
 2.64663525e-01 5.17538920e-01 2.65349174e-01 2.44053873e-01
 2.66839201e-01 2.46828498e-01 3.77863561e-01 2.08379129e-01
 1.69877320e-01 1.91139915e-01 2.19079285e-01 1.77071507e-01
 1.14982674e-01 1.20379950e-01 8.78823453e-02 2.17145428e-01
 1.91860278e-01 2.64678506e-01 1.04286990e-01 1.60019076e-01
 2.83669426e-01 1.87275400e-01 3.37088002e-01 5.55591799e-01
 2.54497009e-01 2.59566189e-01 2.68833705e-01 2.80977404e-01
 1.98235722e-01 3.83917876e-01 2.56732506e-01 3.09993289e-01
 3.33531797e-01 2.27346506e-01 2.83482691e-01 1.80643886e-01
 1.85338541e-01 2.36757797e-01 1.79090313e-01 2.46737378e-01
 2.08835593e-01 3.35275887e-01 2.26190726e-01 2.86959659e-01
 6.92939076e-01 2.42216276e-01 1.61804748e-01 2.34886672e-01
 2.64631795e-01 1.72475104e-01 2.34311521e-01 4.31502641e-01
 2.58472728e-01 2.61678898e-01 2.10779764e-01 2.27206260e-01
 2.04099743e-01 1.95310398e-01 2.01190445e-01 2.23775595e-01
 1.53628167e-01 2.63831445e-01 1.57510804e-01 4.91101182e-01
 2.58518957e-01 2.17036043e-01 4.10795570e-01 2.01724775e-01
 3.23660558e-01 4.75282851e-01 2.44388674e-01 1.91440554e-01
 2.18349402e-01 1.90790352e-01 1.44840348e-01 4.13653936e-01
 1.72914378e-01 2.02576774e-01 1.49626568e-01 2.79291478e-01
 1.92304134e-01 2.21739536e-01 2.06744334e-01 3.15519633e-01
 1.49872833e-01 1.52693514e-01 2.74627574e-01 1.24975545e-01
 2.61461399e-01 2.09812446e-01 1.58903616e-01 2.52205132e-01
 3.04034064e-01 3.15531468e-01 3.08800199e-01 1.89292664e-01
 4.53816031e-01 1.75113532e-01 1.96431351e-01 1.32537410e-01
 1.25354125e-01 1.26903558e-01 2.39110105e-01 9.26455903e-02
 1.76643158e-01 1.87116768e-01 1.98980655e-01 3.14772160e-01
 1.83780783e-01 1.59285123e-01 1.98825125e-01 6.09935311e-01
 2.13856659e-01 2.63554886e-01 2.51542588e-01 2.26562044e-01
 5.66674615e-01 2.65135321e-01 5.87011360e-01 1.89453690e-01
 2.80128864e-01 4.03050368e-01 1.34316075e-01 9.98115157e-02
 8.90682159e-02 1.11481328e-01 1.34361481e-01 2.86312068e-01
 1.15699402e-01 5.97267393e-01 5.43414517e-01 2.08835359e-01
 1.78536968e-01 1.90590831e-01 1.35425193e-01 2.97387782e-01
 3.57363167e-01 4.28250885e-01 1.98598407e-01 2.03733647e-01
 2.46375803e-01 2.02788954e-01 4.75152271e-01 2.48787232e-01
 5.78085830e-01 5.07256181e-01 2.10263954e-01 8.92356165e-03
 3.72562876e-02 6.20440017e-03 4.47639430e-01 2.31839524e-04
 7.57382794e-02 4.52886910e-02 2.07752667e-02 1.98285775e-01
 3.35553467e-01 1.23926187e-01 4.64900734e-02 1.17383178e-01
 4.63061474e-01 1.54731970e-01 1.05969655e-01 1.52636293e-01
 4.36465080e-01 3.67516478e-01 4.99326500e-01 2.09564205e-01
 5.77971216e-01 2.18174205e-01 4.90018766e-01 2.40913162e-01]

nu is : -1.535819432399628
sigam is: 0.610435781554476

E is: 0.25936900261865165
Var is: 0.03592308413569753

3倍下界是: 0.034488588524609266
3倍上界是: 1.3437818464057578

1倍下界是: 0.11692118379585362
1倍上界是: 0.39637931863953135