r is: [0.47781265 0.55562764 0.23750412 0.26343495 0.21265918 0.26377191
 0.24125568 0.26904015 0.20354746 0.34404496 0.20100713 0.17552154
 0.1946694  0.2340931  0.30530381 0.20331569 0.16779769 0.18031929
 0.18511744 0.1778069  0.12439421 0.15886056 0.20111783 0.18845346
 0.15302076 0.2018866  0.19739554 0.1692088  0.20681901 0.39840026
 0.21094637 0.19246222 0.2035228  0.19791691 0.28645591 0.18115324
 0.13129711 0.16597997 0.17244382 0.14401862 0.09294636 0.09514499
 0.06369054 0.18447577 0.16270969 0.22216553 0.08420958 0.13706697
 0.2151426  0.13685108]

nu is : -1.6488206263592782
sigam is: 0.15313967117856547

E is: 0.19454442284439907
Var is: 0.014253714565955722

3倍下界是: 0.12145157687319103
3倍上界是: 0.30440336064661083

1倍下界是: 0.1649751706130772
1倍上界是: 0.22409595346161137

第2222222222222222222222222222222222222222222222222222222222次：
r is: [0.47666679 0.55433654 0.23678799 0.26276948 0.21209897 0.26303017
 0.24065234 0.26833449 0.20301783 0.34306838 0.20053558 0.17505553
 0.19417875 0.23342216 0.30449196 0.20280914 0.16731319 0.17987325
 0.18466737 0.17722569 0.12394635 0.1583415  0.20068401 0.1879251
 0.15256587 0.20130273 0.19686486 0.16872172 0.20623015 0.39723149
 0.21042555 0.19191534 0.20299671 0.1974575  0.28590979 0.18076043
 0.13095234 0.16567396 0.17198056 0.1436154  0.09271566 0.09493859
 0.06345935 0.18402198 0.16237464 0.22171436 0.08394724 0.13662373
 0.21465432 0.13645044]

nu is : -1.6514749955314256
sigam is: 0.15323929975061804

E is: 0.1940316761667424
Var is: 0.014179111406825507

3倍下界是: 0.12109342852208776
3倍上界是: 0.30368718736494726

1倍下界是: 0.16452145441881513
1倍上界是: 0.22352417711209754