r is: [0.20305402 0.22360675 0.23863934 0.22026961 0.22752042 0.22758497
 0.21920805 0.22356186 0.25339795 0.22797523 0.26465204 0.27294787
 0.27471677 0.26083342 0.2288555  0.2353356  0.21777648 0.25538333
 0.25499207 0.26952184 0.19364469 0.25852644 0.19289207 0.22257624
 0.25487726 0.21112169 0.24232182 0.2729741  0.27380152 0.24803201
 0.24366984 0.28973055 0.22546559 0.1859291  0.25090728 0.22210101
 0.25820467 0.24770383 0.26125493 0.2189487  0.26123064 0.22087667
 0.27899742 0.21551059 0.24416396 0.22739838 0.20463167 0.28561735
 0.20118361 0.27728913 0.27143087 0.21665025 0.28776192 0.26076239
 0.26944727 0.22675806 0.25866662 0.27150596 0.26302501 0.21815239
 0.26494728 0.25536956 0.2769642  0.25021724 0.27828377 0.28407237
 0.24726335 0.24633466 0.29838904 0.27133377 0.26628076 0.26588123
 0.2875573  0.2781876  0.28237649 0.27454812 0.25572374 0.27034604
 0.27586073 0.26345109 0.27329485 0.23621213 0.28586722 0.25374468
 0.21266476 0.25442961 0.2513386  0.2497252  0.27372214 0.25141705
 0.26940357 0.27277723 0.26652355 0.26854362 0.27247085 0.27036929
 0.27591959 0.24991106 0.29717059 0.24248986 0.24528877 0.26453018
 0.25696973 0.2705907  0.27192501 0.28600118 0.24690041 0.26454428
 0.23300002 0.24826916 0.24082833 0.26520055 0.24699846 0.22723517
 0.20863902 0.26926406 0.28457204 0.26094069 0.25038287 0.2747947
 0.28997077 0.23811456 0.21360052 0.25828823 0.27076263 0.24064014
 0.20804464 0.26307183 0.26460989 0.26394864 0.26694966 0.26389074
 0.2369343  0.27950722 0.26225088 0.24460739 0.27598647 0.21944688
 0.28164672 0.2898817  0.2904183  0.26717716 0.27157919 0.23027598
 0.27363817 0.22804683 0.2772591  0.2700901  0.25258983 0.27462552
 0.2293281  0.27469488 0.21394149 0.23263324 0.24861392 0.26411245
 0.25323548 0.27185681 0.26911404 0.20919257 0.2561988  0.27624621
 0.24982519 0.22226193 0.25191137 0.23900094 0.22407213 0.24008905
 0.2339535  0.26097112 0.2599485  0.25553759 0.26040501 0.29618102
 0.22118113 0.23122333 0.28206778 0.28716206 0.2961513  0.25394879
 0.26655523 0.25977594 0.25898599 0.25510986 0.24668459 0.25810325
 0.25959917 0.23169715 0.21316876 0.25574475 0.27825484 0.22799256
 0.27286953 0.25516134 0.26437098 0.23916955 0.26797131 0.26373503
 0.28256425 0.25181918]

nu is : -1.3765660616833395
sigam is: 0.009242121629001216

E is: 0.25245472499939114
Var is: 0.023448206011076774

3倍下界是: 0.24554073309982982
3倍上界是: 0.2595412325263896

1倍下界是: 0.25012157400278384
1倍上界是: 0.25478787568901917