r is: [0.18728745 0.21108462 0.22145868 0.20360789 0.21428021 0.20976212
 0.20288067 0.20685607 0.24513107 0.21682527 0.25605446 0.25347979
 0.25696178 0.2534998  0.21874486 0.22632139 0.20595116 0.25758064
 0.25298077 0.26002078 0.19108935 0.23983191 0.17478508 0.20342665
 0.24998879 0.20888363 0.24179533 0.25293255 0.26341634 0.2288264
 0.2375067  0.27281276 0.2126143  0.17206656 0.24937653 0.22621751
 0.25069299 0.24783807 0.26131674 0.21337164 0.25027158 0.20204686
 0.26086561 0.19503041 0.22950606 0.22046704 0.21049209 0.26521441
 0.19193538 0.2752679 ]

nu is : -1.4799953695938972
sigam is: 0.014289064906800026

E is: 0.2276619829680155
Var is: 0.019071077007399937

3倍下界是: 0.21808670534769733
3倍上界是: 0.23760915172519328

1倍下界是: 0.22440912672049684
1倍上界是: 0.23091483763380963