r is: [0.22349247 0.26681432 0.26047763 0.22919733 0.21889278 0.29561443
 0.22066073 0.25188111 0.24666615 0.21594199 0.26310945 0.20083122
 0.23465136 0.20335244 0.22580403 0.19814025 0.27014242 0.27890128
 0.19070022 0.19883412 0.25778574 0.19576266 0.18864283 0.21754596
 0.21608523 0.1867194  0.19131095 0.19944047 0.18759521 0.20194929
 0.18773157 0.22641566 0.25200617 0.16322109 0.18017993 0.28429865
 0.21382766 0.19336156 0.18595195 0.20200902 0.19378144 0.19825413
 0.24528673 0.19638252 0.18875941 0.21820333 0.24036491 0.20704757
 0.2061245  0.22323184]

nu is : -1.528490787625219
sigam is: 0.018424044683394734

E is: 0.21689952200397133
Var is: 0.017312912226424535

3倍下界是: 0.20520148647626046
3倍上界是: 0.22918662440814572

1倍下界是: 0.21290380557341543
1倍上界是: 0.22089523426959495