r is: [0.24893107 0.31701326 0.30972584 0.26660845 0.25419197 0.35337473
 0.25802351 0.2985648  0.29141532 0.25000716 0.31228918 0.23044702
 0.27447734 0.23375418 0.26524579 0.22627216 0.32256239 0.3329732
 0.22024381 0.23037641 0.30734996 0.22672211 0.21994163 0.25433761
 0.25432336 0.21648932 0.22433269 0.23410954 0.2183814  0.23538376
 0.21751489 0.26649173 0.29750454 0.18761486 0.20220837 0.34055802
 0.24869114 0.22209032 0.21673529 0.23304581 0.22458352 0.22800925
 0.29082172 0.22695117 0.21816638 0.25326369 0.28268605 0.24013096
 0.24216369 0.26452099 0.21958849 0.23975644 0.32019581 0.21298748
 0.22676247 0.22144925 0.20051976 0.28518947 0.26320109 0.2215068
 0.20864635 0.21656821 0.2341751  0.22421953 0.2309939  0.24914037
 0.18530478 0.17966723 0.27434166 0.21172464 0.34792649 0.22392224
 0.2208227  0.21185784 0.19756118 0.22781893 0.18851762 0.29806973
 0.37728697 0.32336825 0.25392241 0.24563634 0.24556533 0.21539445
 0.19333049 0.20886782 0.27249054 0.29816614 0.23482071 0.26822729
 0.32402578 0.27071726 0.2264696  0.21462459 0.21432962 0.19798545
 0.23696951 0.20094836 0.241686   0.18993741 0.20572563 0.18741653
 0.22589087 0.18485691 0.23830992 0.20800526 0.22384258 0.20944617
 0.19743995 0.18407701 0.18957314 0.25903514 0.19492046 0.20990264
 0.22324287 0.25320365 0.19017815 0.21135531 0.21096316 0.19578204
 0.19088646 0.18446948 0.35635938 0.19450703 0.19122437 0.19524216
 0.18819513 0.19965835 0.19640291 0.18161048 0.19602406 0.21896818
 0.19161519 0.19787635 0.21563769 0.17566531 0.15537181 0.23013976
 0.24858949 0.21333445 0.19396558 0.18529629 0.19473934 0.19334445
 0.19085944 0.25585456 0.1513011  0.155142   0.15465129 0.1963567
 0.1740317  0.21741226 0.21295028 0.17714438 0.17712481 0.22384374
 0.25801637 0.27950393 0.19439272 0.20744648 0.2246133  0.22848323
 0.2053286  0.18191903 0.25706822 0.18780549 0.20891465 0.23157765
 0.22577599 0.28572833 0.24715933 0.22442414 0.2098781  0.20734873
 0.21428925 0.18352816 0.1952945  0.21766722 0.19842701 0.20589346
 0.18629469 0.22009938 0.19717362 0.20724927 0.19295853 0.19301565
 0.20457826 0.18489863 0.16344648 0.18534601 0.18303051 0.175929
 0.25780187 0.27498608 0.2715421  0.27682673 0.20187587 0.26381853
 0.19590325 0.25422521]

nu is : -1.4910693940645878
sigam is: 0.03060459713877071

E is: 0.2252372307394577
Var is: 0.0186806788581861

3倍下界是: 0.20538208908075564
3倍上界是: 0.24678059840853359

1倍下界是: 0.21834607144877966
1倍上界是: 0.23212835710503418