r is: [0.24061721 0.23411433 0.21927461 0.18069475 0.23049061 0.22179253
 0.18836768 0.1831085  0.23659634 0.25626001 0.27477501 0.21408116
 0.20608286 0.23384644 0.23374769 0.23273696 0.22609732 0.26043023
 0.22122406 0.25654406 0.27453428 0.26774338 0.22231753 0.24749819
 0.25669158 0.26384959 0.25084166 0.24574236 0.22704696 0.22789284
 0.22763885 0.21618361 0.24122514 0.1939081  0.2574341  0.22042955
 0.22538713 0.19610561 0.201431   0.21181478 0.20774876 0.22411157
 0.22535714 0.23031798 0.21839268 0.21987564 0.22070775 0.26311746
 0.24454669 0.27332149]

nu is : -1.4701400276667738
sigam is: 0.010627637679081136

E is: 0.22990627472047412
Var is: 0.019447161420320744

3倍下界是: 0.2226792373140253
3倍上界是: 0.2373410566674719

1倍下界是: 0.2274630058764622
1倍上界是: 0.2323495430756835