r is: [0.28615876 0.2746953  0.26106416 0.20578776 0.27789648 0.26463578
 0.2214984  0.21036351 0.28482319 0.31090382 0.33389649 0.25206331
 0.24063915 0.28095468 0.27762995 0.2767484  0.26797143 0.31362152
 0.2615848  0.30872296 0.33553871 0.32245434 0.26349534 0.29737547
 0.30809356 0.31908604 0.3029729  0.29904629 0.27420105 0.27521126
 0.27265807 0.25569512 0.29315923 0.22801225 0.31061801 0.26129372
 0.26315861 0.22554083 0.23636951 0.25226273 0.24516238 0.26509534
 0.26360521 0.27969178 0.25942613 0.26017395 0.26104713 0.32110951
 0.29107475 0.3332693  0.27946292 0.23906034 0.25282389 0.26978147
 0.24922236 0.21540182 0.25901251 0.23625608 0.26463329 0.24931214
 0.30664345 0.27023286 0.21306607 0.25251614 0.2875322  0.18504191
 0.22287216 0.27545003 0.24962964 0.2476094  0.2768561  0.24802796
 0.24879623 0.2354908  0.23842638 0.22473593 0.27963055 0.28871175
 0.24261303 0.21832793 0.18634559 0.18485331 0.19379404 0.16892439
 0.17432074 0.22911667 0.18374353 0.1971974  0.17978211 0.16777446
 0.24716352 0.17817862 0.20834101 0.18590328 0.18183866 0.21319761
 0.18423158 0.23859828 0.18031208 0.28602393 0.22763104 0.20281848
 0.1850902  0.20437373 0.23348095 0.24072285 0.19244686 0.19349258
 0.19062224 0.24885692 0.23307078 0.27701991 0.23066683 0.21467371
 0.19892981 0.33702586 0.2361701  0.30549245 0.31147947 0.2293375
 0.26630194 0.25109798 0.30686269 0.22642873 0.22910497 0.21647371
 0.2266517  0.25072856 0.25763323 0.23696814 0.22510778 0.20171676
 0.27997239 0.35167142 0.22017306 0.30318457 0.23051324 0.26282115
 0.24288152 0.23286314 0.19627357 0.23500071 0.29215725 0.21962553
 0.24911089 0.24516643 0.23152394 0.32324421 0.21269976 0.19453343
 0.2360657  0.1365998  0.15810091 0.17127117 0.16256582 0.15146044
 0.12040043 0.12999329 0.19312899 0.23831399 0.13196052 0.14479806
 0.1323392  0.14611663 0.17236887 0.20230432 0.17063804 0.2318106
 0.13294912 0.13483415 0.17284015 0.16794033 0.1344409  0.26331531
 0.1321008  0.15636075 0.20714235 0.2184847  0.17483415 0.15546719
 0.14912414 0.13717434 0.1320042  0.14725863 0.18632456 0.17973541
 0.26673443 0.17135623 0.17046807 0.19092607 0.21335804 0.19963098
 0.1522037  0.1739539  0.15531613 0.1829997  0.20617705 0.15726204
 0.15790896 0.17844537]

nu is : -1.497397233035614
sigam is: 0.05748895085509759

E is: 0.22408165925801465
Var is: 0.018533330725013748

3倍下界是: 0.1882726528643509
3倍上界是: 0.26582146481009794

1倍下界是: 0.21121342076276314
1倍上界是: 0.2369494901760906


第22222222222222222222222222222222222222222222222222222222222次
r is: [0.28606274 0.27458783 0.26096772 0.20574508 0.27777317 0.26455032
 0.22143238 0.21032124 0.28468231 0.31072562 0.33371017 0.25196365
 0.24056445 0.28080746 0.27750083 0.27661889 0.26785811 0.31343671
 0.26148685 0.30854665 0.33533425 0.32227515 0.26339361 0.29722552
 0.30793619 0.31890611 0.3028095  0.29886425 0.27406097 0.27510052
 0.27253095 0.2556298  0.29300728 0.22793555 0.31046194 0.26117508
 0.26307525 0.22549659 0.23629262 0.25215657 0.24507467 0.26498465
 0.26353453 0.27956534 0.25933099 0.26007288 0.26095262 0.32092646
 0.29093707 0.33305542 0.27934621 0.23902945 0.25271686 0.26969538
 0.24915528 0.21536723 0.25894893 0.23617951 0.26452086 0.24924527
 0.30647708 0.27010422 0.21298312 0.25237982 0.28734662 0.18497744
 0.22277848 0.2753196  0.24955296 0.24749649 0.27671514 0.24793892
 0.24874642 0.2354019  0.23831012 0.22464316 0.27946423 0.28854294
 0.24249451 0.21822395 0.18627338 0.18478666 0.19370774 0.16886714
 0.17426769 0.22904606 0.18367473 0.197162   0.17970031 0.16772843
 0.24703698 0.17809661 0.20827501 0.18584399 0.18176527 0.21309048
 0.18415131 0.23846252 0.18022453 0.28587737 0.22760454 0.20274573
 0.18503584 0.20432408 0.23342277 0.24063065 0.19239661 0.19344167
 0.19058159 0.24875391 0.2330264  0.27701158 0.2306091  0.21462664
 0.19888767 0.33681879 0.23609489 0.30533023 0.31130175 0.22927089
 0.2661913  0.25101211 0.30668399 0.22635993 0.22904039 0.21641446
 0.22657794 0.25071237 0.25753168 0.23689294 0.22504218 0.2016592
 0.27982856 0.35143979 0.22008796 0.3030175  0.23043202 0.26269726
 0.24274936 0.23270781 0.1961846  0.23492943 0.29201296 0.2195202
 0.24906354 0.24509126 0.23146282 0.32309663 0.21264301 0.19449257
 0.23594801 0.13658754 0.15804523 0.17122117 0.1625313  0.15143418
 0.12038911 0.12997151 0.19305747 0.23818406 0.13192202 0.14474266
 0.1322826  0.14609282 0.17231153 0.20229182 0.17059904 0.23171899
 0.1329374  0.13480273 0.17276974 0.16789755 0.13442956 0.26335299
 0.13207529 0.1563146  0.2070546  0.21851495 0.17479132 0.15541732
 0.14907534 0.13714124 0.13194313 0.14721185 0.18622718 0.17968321
 0.26657514 0.17127494 0.17039886 0.19083784 0.21326172 0.19955917
 0.15213911 0.17388645 0.15527805 0.18292261 0.20608712 0.1571913
 0.15786322 0.17836788]

nu is : -1.4977694344843564
sigam is: 0.057454872828027415

E is: 0.22399783255256892
Var is: 0.018519394509957557

3倍下界是: 0.18822183225214106
3倍上界是: 0.2656953795745906

1倍下界是: 0.21114201663061682
1倍上界是: 0.236853242014578