r is: [0.37803218 0.36841137 0.51093878 0.28285729 0.34864931 0.32557678
 0.41838659 0.27476982 0.4304853  0.27302036 0.2692515  0.34637675
 0.39859171 0.36737995 0.4300769  0.33307453 0.3904698  0.58935305
 0.38189137 0.48927516 0.34821729 0.33148245 0.37572625 0.33767748
 0.36585915 0.37085599 0.39237739 0.44405152 0.43583952 0.399521
 0.35766467 0.34670302 0.3707331  0.40287713 0.39835022 0.33160975
 0.42236152 0.4094242  0.32742099 0.37559146 0.41799547 0.31694955
 0.33452822 0.37195045 0.40557152 0.3604855  0.32462514 0.43308988
 0.36907625 0.3554408 ]

nu is : -0.9874055799056823
sigam is: 0.02296406904578426

E is: 0.37264021135177694
Var is: 0.051110952869216054

3倍下界是: 0.3477408407805096
3倍上界是: 0.3991119309372363

1倍下界是: 0.3640843712880586
1倍上界是: 0.3811960341462733