r is: [0.30393727 0.2647674  0.31457937 0.45617276 0.51077908 0.35004226
 0.4086979  0.24959642 0.3198444  0.29050886 0.42051048 0.3675223
 0.34298426 0.35589764 0.36595232 0.34672155 0.35576712 0.35155065
 0.2808647  0.35682569 0.37195278 0.36500617 0.2458552  0.57920736
 0.25444277 0.32370711 0.33820243 0.31991281 0.28076328 0.37037073
 0.57801184 0.34190757 0.54903533 0.36230631 0.48733725 0.41285165
 0.36572305 0.33098023 0.46671407 0.24307875 0.34008003 0.36884054
 0.33036437 0.34637143 0.32547669 0.34335311 0.3720193  0.45277089
 0.33443439 0.44804804]

nu is : -1.0285557907942422
sigam is: 0.042468528033843336

E is: 0.35784548107725056
Var is: 0.04719324883197315

3倍下界是: 0.31475479404472007
3倍上界是: 0.40610228943466514

1倍下界是: 0.342657347221948
1倍上界是: 0.37303342102074727