r is: [0.38723387 0.34912959 0.35915354 0.37897932 0.28741162 0.37231534
 0.44999444 0.39555376 0.40610516 0.51731447 0.41045839 0.43350436
 0.3839428  0.40563035 0.34755994 0.36272053 0.39602887 0.435315
 0.44962334 0.3533597  0.34036683 0.29698582 0.32462304 0.30802736
 0.3093248  0.8235043  0.36018035 0.33344469 0.33904518 0.32613089
 0.30907719 0.32610526 0.36721532 0.32818109 0.36184377 0.40628136
 0.37006928 0.40269073 0.34495204 0.29145262 0.29182321 0.3266998
 0.38076628 0.32235002 0.34373479 0.36808603 0.36971053 0.46921602
 0.3268732  0.3416143 ]

nu is : -1.0008496407510339
sigam is: 0.030266965844500535

E is: 0.3677354092051989
Var is: 0.0497936853566203

3倍下界是: 0.33566201323348244
3倍上界是: 0.40250460418599315

1倍下界是: 0.35660854671948583
1倍上界是: 0.37886222026835675
In [12]:

import matplotlib.pyplot as plt