r is: [0.33501297 0.35132696 0.3173464  0.31930041 0.3561222  0.39436027
 0.44004821 0.46130607 0.46275235 0.44996428 0.36825338 0.42027106
 0.40815555 0.43874098 0.42202598 0.40467823 0.37234339 0.41459293
 0.41247509 0.36139839 0.39830661 0.33083763 0.39073288 0.23704821
 0.43457802 0.40518084 0.67850154 0.42035788 0.36947448 0.41412118
 0.40430419 0.39076962 0.39484842 0.34044008 0.33425306 0.35202463
 0.36351176 0.33231055 0.35004405 0.40375498 0.35067671 0.29912439
 0.3655736  0.38630059 0.4691745  0.32320293 0.39319351 0.41671809
 0.36996745 0.45983951]

nu is : -0.9539145092562284
sigam is: 0.02350673539571283

E is: 0.38533652871021584
Var is: 0.05465449127044725

3倍下界是: 0.35899934484372414
3倍上界是: 0.41337739948807345

1倍下界是: 0.3762801833336114
1倍上界是: 0.39439285448058486