r is: [0.39198076 0.39995641 0.28205395 0.29475354 0.32621932 0.33683134
 0.32764482 0.55571965 0.3380655  0.37039065 0.44516225 0.37272241
 0.35031127 0.42148969 0.29532575 0.36864261 0.37179293 0.40721633
 0.28027102 0.28548938 0.38308694 0.31539716 0.61815349 0.41870535
 0.3435162  0.35759601 0.41956948 0.41343401 0.36493434 0.62788566
 0.45476297 0.39644696 0.38897679 0.37305534 0.45215031 0.37523494
 0.36532111 0.3905125  0.41222333 0.34847593 0.62225613 0.51559704
 0.36444888 0.38766649 0.3466039  0.37597834 0.4353728  0.39941698
 0.34535243 0.37552467]

nu is : -0.9537081775134016
sigam is: 0.03423563346112458

E is: 0.3855354474928847
Var is: 0.05474483800030913

3倍下界是: 0.3477000563522811
3倍上界是: 0.42698718533452185

1倍下界是: 0.37234150897191925
1倍上界是: 0.3987292977687098