r is: [0.41067709 0.42608803 0.44604772 0.37492535 0.36953644 0.49917483
 0.39399387 0.41920027 0.4871408  0.38941637 0.36759829 0.37299819
 0.39970417 0.45996148 0.45817719 0.37707934 0.50597308 0.53754521
 0.41816413 0.50216479 0.38456618 0.37842807 0.44125898 0.44236302
 0.33685059 0.37408434 0.37630491 0.40722481 0.40343758 0.33601047
 0.40135516 0.41356141 0.36378735 0.45687154 0.37960881 0.43387724
 0.53438287 0.41492898 0.43113765 0.40364352 0.43913142 0.52565595
 0.46489394 0.43994978 0.40688845 0.40859293 0.42063406 0.53969026
 0.40317083 0.56137303]

nu is : -0.85910566925768
sigam is: 0.015270260712302699

E is: 0.4235900821271418
Var is: 0.066023471143331

3倍下界是: 0.40457568542531525
3倍上界是: 0.4433947212121597

1倍下界是: 0.41712225196478175
1倍上界是: 0.43005790845107433