r is: [0.37657216 0.37481922 0.40074693 0.36877851 0.37129949 0.35483394
 0.35965936 0.34554996 0.33657398 0.3762906  0.41643191 0.35618102
 0.37905794 0.41151182 0.53086155 0.31964291 0.32966874 0.35515583
 0.48792801 0.50241639 0.35585793 0.32047485 0.40588161 0.37953726
 0.4675894  0.42722417 0.49707718 0.41454508 0.43034374 0.4069424
 0.32285981 0.41654262 0.3365715  0.41665787 0.34240341 0.43898435
 0.34493746 0.3578315  0.35569015 0.39099259 0.3368089  0.32759126
 0.39466356 0.43209031 0.43576349 0.35563741 0.37246763 0.33338256
 0.30968573 0.35048097]

nu is : -0.9637660912721168
sigam is: 0.01647276498980798

E is: 0.3815053459888357
Var is: 0.053558033290829345

3倍下界是: 0.36306101035320554
3倍上界是: 0.4007779297175214

1倍下界是: 0.3752214641506
1倍上界是: 0.38778922314558284