r is: [0.25910983 0.22029478 0.34052366 0.18055862 0.23890388 0.25322572
 0.26779145 0.21652661 0.32650581 0.32756752 0.2528896  0.42411625
 0.30190402 0.32498117 0.35233549 0.32845988 0.36174816 0.31698887
 0.39525627 0.71429236 0.40763827 0.43082226 0.35592546 0.50965423
 0.61215775 0.81738291 0.31855061 0.43091858 0.36206706 0.36485703
 0.29232015 0.41906345 0.38220003 0.50584035 0.38089513 0.4498253
 0.3846062  0.40287173 0.35789152 0.34710779 0.27675199 0.33165038
 0.33275615 0.33297976 0.40426363 0.41647341 0.43327889 0.51592599
 0.36279333 0.26935234]

nu is : -1.0296310310131256
sigam is: 0.08115014206145355

E is: 0.3583165883971512
Var is: 0.04754439509250577

3倍下界是: 0.27996758308898606
3倍上界是: 0.45558152241430927

1倍下界是: 0.3293016190157413
1倍上界是: 0.3873289724829377