r is: [0.20160269 0.2174189  0.23524193 0.21743014 0.22450872 0.22631454
 0.22002197 0.2221511  0.24884983 0.22414729 0.26150614 0.27196884
 0.27109724 0.25326131 0.225142   0.23072645 0.21519462 0.2480421
 0.24752905 0.26491822 0.18724255 0.25531871 0.19124805 0.22052109
 0.25163743 0.20848806 0.23532599 0.27154402 0.27024169 0.2472182
 0.24045021 0.28585456 0.22241126 0.18461959 0.2450069  0.21580866
 0.25500365 0.24093012 0.25684847 0.21335945 0.2554021  0.21886606
 0.27366334 0.21422762 0.2418604  0.2236838  0.20071785 0.28025465
 0.19963601 0.27012692 0.26810865 0.21403752 0.28291308 0.2567352
 0.26258015 0.22535743 0.2550852  0.2695899  0.25976685 0.21513211
 0.25845813 0.25069117 0.2718301  0.24451165 0.27233284 0.28374587
 0.24081533 0.23878243 0.29865285 0.26730121 0.26432758 0.26149051
 0.28068211 0.27715092 0.27827121 0.2682977  0.24890222 0.26183832
 0.26922479 0.25441459 0.26774012 0.23100608 0.28042773 0.25213512
 0.20993618 0.24597788 0.24361372 0.24025647 0.26655689 0.24378304
 0.26328569 0.26399833 0.26034466 0.25956982 0.26360497 0.26229006
 0.26635754 0.2402925  0.28933679 0.23423084 0.24046812 0.26268293
 0.24975992 0.2659856  0.26663472 0.2822356  0.24290708 0.26094629
 0.23090502 0.24050398 0.23665361 0.26005685 0.24409382 0.2235982
 0.20353841 0.26044572 0.27813692 0.25028536 0.24203419 0.27114183
 0.28457903 0.23325968 0.20848108 0.25093008 0.26104858 0.23267097
 0.20336395 0.25605397 0.25711567 0.25546547 0.25812621 0.25637832
 0.22920257 0.27085592 0.25324178 0.23772365 0.2722093  0.21451067
 0.27172139 0.28199307 0.28776956 0.25849071 0.2644047  0.22357762
 0.26604544 0.22144491 0.26959956 0.26339952 0.24769985 0.26703749
 0.22419048 0.26668737 0.21233693 0.22932539 0.24139432 0.25753124
 0.24874462 0.26472829 0.26151073 0.20123777 0.24900331 0.27151155
 0.24486556 0.21699327 0.24321234 0.23430051 0.21831159 0.2331904
 0.2266707  0.25717153 0.25455543 0.24822724 0.25478843 0.28721683
 0.21530991 0.22624256 0.27369855 0.27955727 0.28499941 0.24332179
 0.25595522 0.24979578 0.25079102 0.24579862 0.23970132 0.24755296
 0.25120396 0.22615923 0.21048642 0.24922317 0.27131126 0.22492083
 0.26312468 0.25038506 0.25282454 0.2338102  0.2576017  0.253434
 0.27173366 0.24626281]

nu is : -1.3989882095016468
sigam is: 0.008929067427605124

E is: 0.24685643519139497
Var is: 0.02241966143421474

3倍下界是: 0.2403220423974949
3倍上界是: 0.2535482833511848

1倍下界是: 0.24465229588411078
1倍上界是: 0.24906057423715705