Start time is:  2020-02-29 00:05:21.007040
c:\users\jw\anaconda3\lib\site-packages\ipykernel_launcher.py:109: RuntimeWarning: invalid value encountered in greater
FN is: [654, 580, 504, 432, 358, 276, 232, 180, 137, 102, 87, 68, 57, 47, 47, 41, 32, 25, 21, 18]
TP is: [146, 220, 296, 368, 442, 524, 568, 620, 663, 698, 713, 732, 743, 753, 753, 759, 768, 775, 779, 782]
FP is: [4617, 7341, 10194, 13084, 15851, 18681, 21244, 23544, 25630, 27494, 29072, 30478, 31578, 32442, 33134, 33659, 34125, 34569, 34965, 35316]
TN is: [35383, 32659, 29806, 26916, 24149, 21319, 18756, 16456, 14370, 12506, 10928, 9522, 8422, 7558, 6866, 6341, 5875, 5431, 5035, 4684]
false_alarm_rate is: [0.115425, 0.183525, 0.25485, 0.3271, 0.396275, 0.467025, 0.5311, 0.5886, 0.64075, 0.68735, 0.7268, 0.76195, 0.78945, 0.81105, 0.82835, 0.841475, 0.853125, 0.864225, 0.874125, 0.8829]
miss_rate is: [0.8175, 0.725, 0.63, 0.54, 0.4475, 0.345, 0.29, 0.225, 0.17125, 0.1275, 0.10875, 0.085, 0.07125, 0.05875, 0.05875, 0.05125, 0.04, 0.03125, 0.02625, 0.0225]
hit_rate is: [0.1825, 0.275, 0.37, 0.45999999999999996, 0.5525, 0.655, 0.71, 0.775, 0.82875, 0.8725, 0.89125, 0.915, 0.92875, 0.94125, 0.94125, 0.94875, 0.96, 0.96875, 0.97375, 0.9775]


Finished.

End time is:  2020-02-29 05:50:17.853645