r is: [0.35743136 0.35472355 0.38399338 0.34824982 0.35062648 0.33300246
 0.33941086 0.32280405 0.3152663  0.35954901 0.40260235 0.33562863
 0.35844226 0.39272021 0.53203079 0.29808099 0.3064145  0.33550134
 0.48567905 0.49886386 0.33882887 0.30228638 0.39420985 0.3641811
 0.45998211 0.41495348 0.49369283 0.40497484 0.42046197 0.40019466
 0.30212744 0.40532337 0.31841664 0.39981552 0.32661159 0.42899052
 0.32959993 0.34204883 0.34417798 0.37765846 0.32253518 0.30992481
 0.38895368 0.41649898 0.42770787 0.34075506 0.35409361 0.31886267
 0.29291478 0.33215787 0.30587632 0.26359213 0.27362182 0.29162354
 0.20732828 0.28797848 0.36004363 0.31056961 0.31828198 0.41859003
 0.32534349 0.34334666 0.29652199 0.32106766 0.26240166 0.28009788
 0.30770608 0.34555353 0.36243198 0.26695364 0.25676787 0.21696789
 0.24467026 0.22681887 0.22944458 0.7114603  0.27605346 0.2513991
 0.2572255  0.24731888 0.22842501 0.24638801 0.28144198 0.24681623
 0.27965873 0.32021462 0.28670345 0.31879797 0.26368431 0.21015127
 0.21078067 0.24671493 0.29480069 0.24177271 0.25893339 0.28108341
 0.28856739 0.38179451 0.2458641  0.25866386 0.26814179 0.25129607
 0.38288805 0.16775688 0.23120757 0.21246105 0.30022718 0.1619928
 0.31315624 0.17471654 0.16214716 0.23077574 0.28281262 0.25096025
 0.3143065  0.21643456 0.27035624 0.46238756 0.26936845 0.36083515
 0.24632066 0.22597313 0.25982145 0.23690851 0.2535743  0.25872747
 0.2759778  0.32455254 0.31866677 0.278701   0.24545161 0.23680969
 0.25410922 0.28179103 0.27523691 0.22004354 0.30929774 0.28836156
 0.21642414 0.25780626 0.30347404 0.20720036 0.21913976 0.25749479
 0.28825204 0.25286884 0.21100441 0.30849239 0.25740728 0.24204267
 0.19788165 0.21379229 0.18666343 0.18487865 0.21880281 0.26107529
 0.29554079 0.31872171 0.31415715 0.30580811 0.23223228 0.2760451
 0.26838753 0.29806666 0.27634634 0.2638245  0.23036113 0.27517918
 0.27381454 0.22992666 0.25863113 0.19585151 0.25008255 0.10639464
 0.28627313 0.26728145 0.52032925 0.28034968 0.23449493 0.2736051
 0.26666245 0.25234948 0.25845894 0.20019072 0.19239391 0.20881336
 0.23012132 0.20180749 0.22003834 0.26654591 0.21743961 0.17386073
 0.22511824 0.24281457 0.31931134 0.19321428 0.25068214 0.2770475
 0.23541416 0.31467446]

nu is : -1.2595559021522644
sigam is: 0.0626264422278299

E is: 0.2843370733760559
Var is: 0.029859039272905768

3倍下界是: 0.23517267937236658
3倍上界是: 0.34243391956574903

1倍下界是: 0.2665529564112791
1倍上界是: 0.30212046212686844