r is: [0.69706622 0.81926518 0.31560905 0.35911118 0.2840224  0.36653818
 0.31831608 0.35971093 0.27248248 0.46886809 0.26860594 0.24779807
 0.25529725 0.3158881  0.41448547 0.2797587  0.23463619 0.22672243
 0.2464101  0.22421762 0.17310967 0.20873234 0.27196707 0.26152117
 0.21962643 0.27919018 0.2698872  0.24431104 0.29394411 0.57435482
 0.29051123 0.26749692 0.29564374 0.26762781 0.40279689 0.22521216
 0.19088735 0.2095362  0.23991081 0.19240942 0.13327789 0.13762375
 0.10675637 0.24117364 0.20428297 0.2819424  0.12061544 0.172545
 0.30569913 0.21225009 0.36321153 0.60013665 0.27848735 0.28179385
 0.29153015 0.30118811 0.2182146  0.41741096 0.28002633 0.33928616
 0.36571429 0.25426649 0.30288437 0.1992115  0.20722926 0.26102658
 0.20887668 0.27698187 0.23909307 0.35952625 0.2645226  0.31189353
 0.75634413 0.26494028 0.19833474 0.26186096 0.29610376 0.20138237
 0.26372921 0.46670958 0.28554918 0.29861681 0.24912553 0.25287589
 0.22942699 0.2318992  0.22625685 0.25868381 0.18723727 0.28855769
 0.18741982 0.54072185 0.28687974 0.24575111 0.45065344 0.24077116
 0.36023599 0.52748096 0.28323237 0.21645186 0.23549867 0.21253155
 0.1653004  0.44755638 0.20062525 0.23370167 0.17320072 0.30087613
 0.22055543 0.24839093 0.2305785  0.34224476 0.17777964 0.18263019
 0.29892869 0.1458662  0.28868388 0.23287348 0.18125416 0.27901865
 0.33051285 0.34029444 0.33309546 0.21844942 0.50375068 0.20281005
 0.22827044 0.15756133 0.14934043 0.14864332 0.26431814 0.11713666
 0.19855146 0.21152868 0.22878193 0.34682418 0.20229303 0.18332757
 0.2162505  0.67867908 0.24001292 0.28756432 0.27618779 0.25494553
 0.61831234 0.28548756 0.64751728 0.21088247 0.30403622 0.44207206
 0.158971   0.12144589 0.10605733 0.13189631 0.15379975 0.31409302
 0.14087629 0.64542099 0.60611544 0.23546429 0.2029728  0.22350037
 0.15872356 0.33384968 0.39299135 0.47264428 0.22575923 0.2327772
 0.27981492 0.22837287 0.51502835 0.27537948 0.63872539 0.55556686
 0.23872586 0.02664635 0.05598048 0.02968828 0.50128241 0.0181948
 0.09405681 0.0554628  0.05028875 0.22540745 0.36195865 0.14551569
 0.06650299 0.13945953 0.51989998 0.17694633 0.12724607 0.18538439
 0.47580228 0.4061174  0.55306201 0.24036815 0.6372729  0.24993744
 0.54914342 0.2636977 ]

nu is : -1.3839905543829933
sigam is: 0.2960047784292162

E is: 0.2617982421628414
Var is: 0.027522719519223197

3倍下界是: 0.10310525805762752
3倍上界是: 0.6089761229038166

1倍下界是: 0.18637484588378525
1倍上界是: 0.33689439154296397