r is: [0.21857005 0.23470657 0.25678829 0.23692015 0.23738246 0.24648649
 0.23669686 0.23968351 0.2631773  0.23601663 0.27758057 0.29797577
 0.2957215  0.26872752 0.23860625 0.24471552 0.22595881 0.26123424
 0.2617823  0.28118247 0.18147698 0.27978875 0.21703563 0.24691462
 0.26548427 0.21783462 0.24764228 0.29832989 0.28793629 0.27075069
 0.2537212  0.31114455 0.23798626 0.19458486 0.25786396 0.22505506
 0.27110049 0.25328316 0.27118744 0.22480833 0.27341976 0.24425302
 0.30049913 0.24775451 0.26043791 0.23576476 0.20985443 0.31299965
 0.20835481 0.28628816 0.28916785 0.22482208 0.30172476 0.27243676
 0.27781221 0.23775252 0.27120725 0.29199355 0.27710149 0.2239682
 0.27298187 0.26441328 0.28964072 0.25698304 0.287928   0.30002017
 0.25234491 0.25183405 0.32627697 0.28451064 0.28750552 0.27778607
 0.29839047 0.29601505 0.29553075 0.28430562 0.26148041 0.276196
 0.284477   0.26820002 0.2824911  0.24220114 0.29769815 0.2668246
 0.22226376 0.25882954 0.25591503 0.25276257 0.28190278 0.25613428
 0.27758952 0.27879462 0.27470158 0.27387358 0.27845525 0.27705688
 0.28238598 0.2527066  0.30718674 0.24506095 0.2525662  0.28626862
 0.26343073 0.2828912  0.28352429 0.31071283 0.25634003 0.27508676
 0.25068175 0.25325765 0.24969447 0.27839135 0.25754039 0.23405925
 0.21280005 0.27535636 0.29523261 0.26454984 0.2547388  0.28672754
 0.31117318 0.24517472 0.21740593 0.26533513 0.27612338 0.24386933
 0.21567701 0.27022256 0.27274691 0.27121127 0.27375831 0.27117386
 0.24045441 0.28791887 0.26783931 0.25308559 0.29276492 0.22697553
 0.28803395 0.30167085 0.31007691 0.27383865 0.28364271 0.23552226
 0.28249863 0.23182469 0.28651124 0.27904093 0.26492437 0.28318348
 0.23681331 0.28340082 0.22758539 0.24222944 0.25341987 0.27171491
 0.26331221 0.2832363  0.27778044 0.20971757 0.26407821 0.28738992
 0.26406767 0.23004402 0.25605052 0.24638937 0.22991956 0.244776
 0.23683322 0.27608178 0.27320871 0.26257974 0.27045136 0.30640229
 0.22545841 0.24103312 0.29020538 0.29830631 0.30406677 0.25644585
 0.27062359 0.26373351 0.26437707 0.25912222 0.25181781 0.2612816
 0.26576681 0.23925942 0.22265709 0.26250769 0.28864451 0.23717383
 0.27869888 0.26868662 0.26770538 0.24679164 0.27256929 0.26798447
 0.28902689 0.26011748]

nu is : -1.3384612945030605
sigam is: 0.009846737859783747

E is: 0.2622615959878339
Var is: 0.02530562255628119

3倍下界是: 0.25461529804366145
3倍上界是: 0.270111327491408

1倍下界是: 0.25967925805713
1倍上界是: 0.2648439335076325