Start time is:  2020-02-29 23:12:34.515659
mean: -16.650356254278574

FN is: [749, 569, 407, 244, 132, 85, 71, 49, 36, 22, 16, 10, 8, 3, 1, 0, 0, 0, 0, 0]
TP is: [51, 231, 393, 556, 668, 715, 729, 751, 764, 778, 784, 790, 792, 797, 799, 800, 800, 800, 800, 800]
FP is: [763, 3142, 5703, 8401, 11300, 14425, 17688, 21154, 24567, 27920, 31208, 34222, 36561, 38062, 38989, 39527, 39817, 39910, 39945, 39969]
TN is: [39237, 36858, 34297, 31599, 28700, 25575, 22312, 18846, 15433, 12080, 8792, 5778, 3439, 1938, 1011, 473, 183, 90, 55, 31]
false_alarm_rate is: [0.019075, 0.07855, 0.142575, 0.210025, 0.2825, 0.360625, 0.4422, 0.52885, 0.614175, 0.698, 0.7802, 0.85555, 0.914025, 0.95155, 0.974725, 0.988175, 0.995425, 0.99775, 0.998625, 0.999225]
miss_rate is: [0.93625, 0.71125, 0.50875, 0.305, 0.165, 0.10625, 0.08875, 0.06125, 0.045, 0.0275, 0.02, 0.0125, 0.01, 0.00375, 0.00125, 0.0, 0.0, 0.0, 0.0, 0.0]
hit_rate is: [0.06374999999999997, 0.28874999999999995, 0.49124999999999996, 0.6950000000000001, 0.835, 0.89375, 0.91125, 0.93875, 0.955, 0.9725, 0.98, 0.9875, 0.99, 0.99625, 0.99875, 1.0, 1.0, 1.0, 1.0, 1.0]


Finished.

End time is:  2020-03-01 07:07:22.812074