Start time is:  2020-02-29 08:54:09.005892
c:\users\jw\anaconda3\lib\site-packages\ipykernel_launcher.py:109: RuntimeWarning: invalid value encountered in greater
FN is: [650, 566, 476, 406, 306, 239, 188, 154, 131, 104, 85, 70, 58, 50, 44, 41, 37, 33, 31, 31]
TP is: [150, 234, 324, 394, 494, 561, 612, 646, 669, 696, 715, 730, 742, 750, 756, 759, 763, 767, 769, 769]
FP is: [5048, 7906, 10719, 13733, 16767, 19897, 22851, 25912, 28459, 30676, 32457, 33856, 35028, 35860, 36432, 36859, 37200, 37456, 37682, 37902]
TN is: [34952, 32094, 29281, 26267, 23233, 20103, 17149, 14088, 11541, 9324, 7543, 6144, 4972, 4140, 3568, 3141, 2800, 2544, 2318, 2098]
false_alarm_rate is: [0.1262, 0.19765, 0.267975, 0.343325, 0.419175, 0.497425, 0.571275, 0.6478, 0.711475, 0.7669, 0.811425, 0.8464, 0.8757, 0.8965, 0.9108, 0.921475, 0.93, 0.9364, 0.94205, 0.94755]
miss_rate is: [0.8125, 0.7075, 0.595, 0.5075, 0.3825, 0.29875, 0.235, 0.1925, 0.16375, 0.13, 0.10625, 0.0875, 0.0725, 0.0625, 0.055, 0.05125, 0.04625, 0.04125, 0.03875, 0.03875]
hit_rate is: [0.1875, 0.2925, 0.405, 0.49250000000000005, 0.6174999999999999, 0.7012499999999999, 0.765, 0.8075, 0.8362499999999999, 0.87, 0.89375, 0.9125, 0.9275, 0.9375, 0.945, 0.94875, 0.95375, 0.95875, 0.96125, 0.96125]


Finished.

End time is:  2020-02-29 16:13:14.407869