r is: [0.41270496 0.42310781 0.39847927 0.34288736 0.32084721 0.47014224
 0.32161314 0.37827416 0.37238059 0.31255834 0.39838582 0.2805381
 0.35333369 0.29034262 0.32864042 0.27467495 0.43265728 0.41741654
 0.27092123 0.28511221 0.3824384  0.2774188  0.27117924 0.31864574
 0.31744838 0.26644431 0.27540251 0.28892446 0.26812412 0.29184756
 0.26512942 0.32049755 0.37973843 0.23251918 0.23945655 0.42137513
 0.30994255 0.27299804 0.2659575  0.28101202 0.27452974 0.27717916
 0.36130938 0.27139571 0.26679474 0.31494899 0.35893048 0.29371241
 0.28948208 0.32532855 0.26853777 0.29780014 0.39762843 0.26271998
 0.28183239 0.27754029 0.24640232 0.363915   0.32955017 0.27432902
 0.25736994 0.26816467 0.29048763 0.27532987 0.28338673 0.30793506
 0.23173086 0.2215374  0.33814901 0.25492344 0.44249936 0.27777621
 0.27479094 0.26238254 0.2395732  0.28456272 0.23793919 0.37967672
 0.5320869  0.39505366 0.31378191 0.30091749 0.30250041 0.26840575
 0.23864166 0.24269886 0.33552367 0.38207394 0.29174517 0.33768687
 0.40188855 0.33695497 0.2822583  0.26543225 0.27032469 0.24452105
 0.29339832 0.24227803 0.2985303  0.21512205 0.24323141 0.23079556
 0.28087532 0.22713533 0.28534271 0.2596102  0.27233776 0.25563796
 0.24276125 0.22827807 0.22940188 0.31748911 0.24642149 0.25860571
 0.27871749 0.31775842 0.23016012 0.26486346 0.26086593 0.24137626
 0.23374414 0.22517576 0.45378439 0.23398771 0.23718569 0.24371971
 0.23385207 0.24651746 0.23967689 0.21988633 0.24002335 0.27313298
 0.2392612  0.24291895 0.26942793 0.21190258 0.19374663 0.28609274
 0.31004381 0.26125874 0.23594769 0.23005937 0.2396313  0.23953843
 0.23909652 0.31238831 0.17546117 0.19875566 0.18969096 0.25056993
 0.19648354 0.2712599  0.25931194 0.21894231 0.21203848 0.27189913
 0.31236707 0.34859508 0.22983993 0.25393698 0.2832583  0.2858094
 0.25197152 0.22646651 0.31987725 0.22360807 0.26011258 0.28905937
 0.28195953 0.35142143 0.3101515  0.28132064 0.26454044 0.25988165
 0.27450332 0.22324801 0.24701714 0.27329871 0.24565593 0.25380526
 0.2258906  0.27728476 0.25005596 0.26237177 0.24294032 0.23983544
 0.25817638 0.22854536 0.21123264 0.23226472 0.2256373  0.21905004
 0.31536499 0.3450777  0.34425585 0.34249647 0.24583936 0.33613953
 0.24274016 0.31847034]

nu is : -1.2753768374484025
sigam is: 0.03569186246679967

E is: 0.2795036624415559
Var is: 0.028776222030277306

3倍下界是: 0.25096233149219915
3倍上界是: 0.31089462516666494

1倍下界是: 0.2695318537418089
1倍上界是: 0.2894753955684939