Start time is:  2020-02-29 08:55:41.713217
c:\users\jw\anaconda3\lib\site-packages\ipykernel_launcher.py:109: RuntimeWarning: invalid value encountered in greater
FN is: [669, 583, 489, 399, 309, 229, 178, 141, 115, 85, 70, 56, 50, 45, 40, 32, 31, 28, 26, 24]
TP is: [131, 217, 311, 401, 491, 571, 622, 659, 685, 715, 730, 744, 750, 755, 760, 768, 769, 772, 774, 776]
FP is: [3973, 6287, 8479, 10794, 13019, 15291, 17840, 20495, 23285, 25920, 28458, 30714, 32753, 34391, 35767, 36798, 37477, 37961, 38271, 38506]
TN is: [36027, 33713, 31521, 29206, 26981, 24709, 22160, 19505, 16715, 14080, 11542, 9286, 7247, 5609, 4233, 3202, 2523, 2039, 1729, 1494]
false_alarm_rate is: [0.099325, 0.157175, 0.211975, 0.26985, 0.325475, 0.382275, 0.446, 0.512375, 0.582125, 0.648, 0.71145, 0.76785, 0.818825, 0.859775, 0.894175, 0.91995, 0.936925, 0.949025, 0.956775, 0.96265]
miss_rate is: [0.83625, 0.72875, 0.61125, 0.49875, 0.38625, 0.28625, 0.2225, 0.17625, 0.14375, 0.10625, 0.0875, 0.07, 0.0625, 0.05625, 0.05, 0.04, 0.03875, 0.035, 0.0325, 0.03]
hit_rate is: [0.16374999999999995, 0.27125, 0.38875000000000004, 0.50125, 0.61375, 0.71375, 0.7775, 0.82375, 0.85625, 0.89375, 0.9125, 0.9299999999999999, 0.9375, 0.94375, 0.95, 0.96, 0.96125, 0.965, 0.9675, 0.97]


Finished.

End time is:  2020-02-29 16:15:15.930063

​