r is: [0.44925779 0.41714558 0.36608257 0.27176599 0.39201814 0.36933772
 0.30268835 0.29667393 0.41455592 0.45610638 0.52258656 0.35231734
 0.33765611 0.41510395 0.39703991 0.39752805 0.37991642 0.48483525
 0.37173748 0.45770262 0.51422222 0.4992099  0.36838632 0.43494021
 0.46184347 0.4893022  0.43809762 0.41750748 0.37674627 0.39856293
 0.38962786 0.36746602 0.43832175 0.31915672 0.46075268 0.37126442
 0.37941722 0.31987809 0.3235     0.36069653 0.34719116 0.3756651
 0.37589122 0.3942929  0.35934426 0.36853726 0.37319257 0.47408746
 0.42478136 0.54924429 0.39398873 0.34915871 0.3439467  0.38087034
 0.35557207 0.30622445 0.38446128 0.33756382 0.37389081 0.35137784
 0.45680495 0.38261042 0.2953968  0.35434287 0.40689757 0.25638296
 0.31092285 0.38062828 0.35658284 0.33193326 0.37949483 0.34856853
 0.3599697  0.33856939 0.3198783  0.31182566 0.38417533 0.41757801
 0.33027952 0.29268097 0.25672301 0.25715793 0.2652921  0.24602793
 0.2448824  0.33149011 0.25955841 0.2856786  0.25157209 0.2376814
 0.34633393 0.25404803 0.28975362 0.26471806 0.24821839 0.29696501
 0.25342728 0.32649368 0.26319476 0.40471009 0.32825712 0.3030989
 0.28554186 0.28406311 0.34557733 0.33941041 0.27833015 0.26997535
 0.2745547  0.35693095 0.34452581 0.40864728 0.33500398 0.30345313
 0.28564331 0.53300419 0.33065709 0.45044532 0.45044014 0.33121277
 0.38583994 0.36067107 0.45149477 0.32581927 0.33905401 0.31066
 0.32546972 0.36926519 0.37092896 0.34017274 0.32548715 0.29116517
 0.40675396 0.57119794 0.32278748 0.44623073 0.33100599 0.37778431
 0.32981788 0.33810443 0.27652803 0.32992494 0.42801462 0.31423907
 0.3603253  0.34983632 0.34297166 0.48067859 0.30506602 0.2852029
 0.33161304 0.20661808 0.22662186 0.24224428 0.23077664 0.22048435
 0.18454097 0.19768124 0.26693149 0.33413534 0.19901246 0.20753348
 0.19300627 0.21333049 0.23534311 0.29655057 0.24470714 0.32269753
 0.20107274 0.20235096 0.24954961 0.23738978 0.19905606 0.37886786
 0.19907422 0.22930686 0.29036539 0.33035986 0.24726742 0.22526047
 0.20471734 0.20233172 0.20970279 0.21837564 0.26746473 0.24823449
 0.37522894 0.23641369 0.23492195 0.27596804 0.28866368 0.28809881
 0.21597143 0.25099299 0.22223694 0.25795808 0.29504627 0.2354895
 0.22924772 0.25946338]

nu is : -1.1351628355651884
sigam is: 0.060059080791885204

E is: 0.32194991501343356
Var is: 0.03826913873512424

3倍下界是: 0.26838303656739143
3倍上界是: 0.3848176885085458

1倍下界是: 0.30263678667641875
1倍上界是: 0.3412623458667442