r is: [0.12478905 0.13646379 0.11186283 0.11467383 0.13785788 0.1681737
 0.19632716 0.21960296 0.2031011  0.19563362 0.15311147 0.18308193
 0.17068629 0.19454785 0.17246819 0.16571548 0.14365719 0.18046093
 0.17452918 0.14517055 0.16778265 0.11555845 0.16354897 0.04106497
 0.18230401 0.1702973  0.32980133 0.18593098 0.15301205 0.17753233
 0.17052387 0.16074049 0.16472181 0.11944014 0.10820737 0.12629639
 0.14201124 0.11804228 0.1337106  0.1666099  0.12665588 0.10199198
 0.13273941 0.14735838 0.21161027 0.11213044 0.16092968 0.18270178
 0.14675929 0.1989375 ]

nu is : -1.8807418765483792
sigam is: 0.08450053358317813

E is: 0.15302228624574327
Var is: 0.008675927237056763

3倍下界是: 0.11833407893945085
3倍上界是: 0.19647103250860032

1倍下界是: 0.14012191552653674
1倍上界是: 0.1659213591451732