r is: [0.20305855 0.20623179 0.21340115 0.1917222  0.16874456 0.25251659
 0.19543851 0.21564073 0.23942237 0.17773692 0.18128367 0.16587066
 0.18473421 0.22666559 0.22034274 0.1862244  0.2659764  0.27094774
 0.19989135 0.24957334 0.16390414 0.18446053 0.21696096 0.2143832
 0.15146502 0.16708588 0.17264214 0.1961788  0.18488574 0.13848628
 0.20536829 0.2027071  0.17244939 0.23429799 0.16926633 0.21807429
 0.26584913 0.19427873 0.2103354  0.18320899 0.22055666 0.26304911
 0.23894104 0.21525257 0.19753538 0.18399884 0.20472358 0.26224402
 0.19733699 0.28412234]

nu is : -1.5896511481834321
sigam is: 0.025692239056338644

E is: 0.20406410330532587
Var is: 0.015329409377551818

3倍下界是: 0.18886404425258072
3倍上界是: 0.22034199189489884

1倍下界是: 0.1988223856472152
1倍上界是: 0.2093058061468987