r is: [0.07487606 0.04894457 0.08399905 0.17763382 0.21728718 0.12429056
 0.14023247 0.03435604 0.08502418 0.06653427 0.16421536 0.13697709
 0.10595698 0.12846218 0.12570672 0.10737121 0.10402918 0.12402358
 0.0574512  0.10315809 0.12976869 0.11965247 0.01996555 0.26091804
 0.03175827 0.07930935 0.09407368 0.09782803 0.05566111 0.13072544
 0.25176288 0.09905108 0.22932423 0.11814359 0.1941352  0.14160639
 0.10666674 0.08701417 0.18398006 0.03639114 0.10243987 0.11520582
 0.09558968 0.1015502  0.10382607 0.10033155 0.12348477 0.17462775
 0.09153858 0.1860906 ]

nu is : -2.2591374592552382
sigam is: 0.27566110299271696

E is: 0.10848504632344598
Var is: 0.004671398296138662

3倍下界是: 0.04567880984142198
3倍上界是: 0.23879396970430206

1倍下界是: 0.07927768717549949
1倍上界是: 0.13759009277420145