r is: [ 0.05959347  0.03045141  0.13282309 -0.00188571  0.04331017  0.05890987
  0.06902358  0.02630812  0.11625098  0.11585667  0.04966495  0.19580674
  0.1127268   0.10362751  0.13618547  0.1103881   0.13506642  0.11491378
  0.16336824  0.36503316  0.1640808   0.1685647   0.12326329  0.23203193
  0.30253819  0.41102858  0.10292462  0.17560013  0.12563265  0.16032374
  0.08490232  0.17968721  0.14094265  0.24268529  0.14930351  0.19192083
  0.15366491  0.16376633  0.13366381  0.12432176  0.07518448  0.1220436
  0.1232932   0.12436801  0.16091917  0.19504194  0.17711371  0.22982381
  0.13579945  0.06329553]

修正：r[3]=1e-04

nu is : -2.2143897420559004
sigam is: 1.32320961184934

E is: 0.2621213004330173
Var is: 0.14558253092464946

3倍下界是: 0.0020621243748963182
3倍上界是: 5.784830691994476

1倍下界是: 0.029083061482870706
1倍上界是: 0.41017141134320034