r is: [0.20763011 0.20133698 0.2110384  0.19987101 0.19454697 0.18878265
 0.19304681 0.18248585 0.1736882  0.20219349 0.23231075 0.18509178
 0.20002261 0.22247345 0.29043042 0.16053111 0.17146188 0.18822619
 0.27600432 0.26175406 0.1808905  0.1627517  0.22002837 0.20167742
 0.2451456  0.22552739 0.26146514 0.22250409 0.23440055 0.21127557
 0.16896569 0.22940003 0.1757423  0.22017002 0.17753149 0.24207231
 0.18736267 0.18969874 0.18289217 0.21050264 0.17470394 0.16869125
 0.2058268  0.22997356 0.24272348 0.18387735 0.20063672 0.18013505
 0.15439535 0.18975102]

nu is : -1.597783938505261
sigam is: 0.020927294029751468

E is: 0.20238874259864645
Var is: 0.015075385361560313

3倍下界是: 0.19003142598179637
3倍上界是: 0.21545524810366562

1倍下界是: 0.19815390890609136
1倍上界是: 0.2066235698222085