r is: [0.19104141 0.16137653 0.25159907 0.08747742 0.14196764 0.12428905
 0.19990395 0.08698382 0.19938405 0.11339392 0.08755603 0.14001656
 0.19469146 0.16611972 0.19699852 0.13972404 0.17097319 0.30122708
 0.16596198 0.22876072 0.17289353 0.14170278 0.17179309 0.16716099
 0.15029643 0.1665143  0.16924089 0.2065727  0.20801666 0.17199803
 0.14935386 0.13566491 0.16038563 0.17862802 0.1719069  0.13387554
 0.20688013 0.181636   0.13548104 0.16127327 0.20003355 0.12186623
 0.13532003 0.16053456 0.183324   0.16033866 0.12213406 0.19325954
 0.1634671  0.14582168]

nu is : -1.8269920125560375
sigam is: 0.059940153976622015

E is: 0.16118611279634837
Var is: 0.009592263594298087

3倍下界是: 0.1344164483955529
3倍上界是: 0.19259388100105157

1倍下界是: 0.15153598362892007
1倍上界是: 0.17083589552083464