r is: [0.1767832  0.17067651 0.07172168 0.08709381 0.10677779 0.1090134
 0.10001435 0.25250507 0.12409428 0.140467   0.18714603 0.14913663
 0.12244625 0.17926348 0.07763679 0.13401978 0.16457213 0.18976881
 0.07116406 0.07301913 0.14025797 0.09973438 0.29179288 0.17849137
 0.12793626 0.13280017 0.19559512 0.18367565 0.13147175 0.30768005
 0.19364708 0.15721513 0.15419279 0.14849754 0.20761848 0.15267518
 0.17124165 0.1558006  0.17450249 0.12665802 0.31750657 0.2531584
 0.13551126 0.15992515 0.12430887 0.14031349 0.17857937 0.15888133
 0.11146361 0.13667329]

nu is : -1.9117036527823683
sigam is: 0.11974752774030892

E is: 0.1488920224062986
Var is: 0.008273245827650245

3倍下界是: 0.10321446861507173
3倍上界是: 0.21172625905038794

1倍下界是: 0.13114506782276847
1倍上界是: 0.16663389392024713