r is: [0.25306811 0.24873906 0.26429511 0.24555079 0.24252097 0.23571051
 0.2411498  0.22837885 0.22199521 0.25600262 0.29020757 0.2343055
 0.25073428 0.27549219 0.35679746 0.20815722 0.21563623 0.23788065
 0.34701469 0.33271785 0.234934   0.21304825 0.28124716 0.2576851
 0.31172635 0.28392544 0.3336324  0.28652858 0.29739196 0.27813254
 0.21656957 0.29062134 0.22749615 0.27582268 0.2316429  0.30550195
 0.23898209 0.24388199 0.24273284 0.26893297 0.23010407 0.21956715
 0.27265174 0.28606947 0.30686219 0.23964528 0.25140035 0.23326929
 0.205267   0.23870405 0.22227453 0.18030907 0.18962721 0.20111623
 0.13318242 0.20153199 0.25853404 0.22141955 0.22208221 0.28686598
 0.23241029 0.23885186 0.20922696 0.23153271 0.17991919 0.19187058
 0.21110839 0.23859057 0.25732048 0.18407957 0.1752998  0.1387578
 0.17006837 0.14918524 0.14801576 0.45535248 0.19097844 0.16933416
 0.17503624 0.16095413 0.15144504 0.16733124 0.1933983  0.16340339
 0.19209285 0.22727888 0.19625878 0.22373314 0.17555959 0.13291934
 0.13727727 0.17419741 0.20409928 0.15855913 0.17287054 0.19028918
 0.20010753 0.26806717 0.1680084  0.17456929 0.19887822 0.17154642
 0.27245542 0.09650746 0.15326987 0.13594355 0.20688457 0.09399857
 0.21785039 0.12174081 0.09636931 0.15242901 0.20512953 0.17579769
 0.21820037 0.14747079 0.18276319 0.32929636 0.1831132  0.24556233
 0.1807437  0.15339408 0.18249928 0.17836479 0.16707913 0.17910751
 0.18713474 0.2264989  0.22516292 0.18756778 0.16379909 0.15183591
 0.17268773 0.19047953 0.18659152 0.14529055 0.2224192  0.19555995
 0.146101   0.17335776 0.21532048 0.13365749 0.14539755 0.17514452
 0.19834888 0.17499178 0.13405618 0.20931768 0.17729115 0.15971445
 0.1257558  0.13779557 0.11431428 0.11493933 0.14045096 0.17698807
 0.20343678 0.22557791 0.21252903 0.20590101 0.15434227 0.18880082
 0.17798366 0.20155533 0.17966037 0.17278913 0.14709845 0.18481842
 0.18294482 0.15044613 0.17262013 0.11821708 0.16599766 0.03979858
 0.18901246 0.17831662 0.35465839 0.1909551  0.15753615 0.18333731
 0.17680385 0.16590387 0.17145818 0.12162288 0.11170334 0.12873985
 0.14744985 0.123596   0.13927599 0.17445368 0.13244721 0.1043101
 0.13750986 0.15395619 0.21413967 0.11665236 0.16210453 0.18686691
 0.1506713  0.20947655]

nu is : -1.6505293757588504
sigam is: 0.08738142378383577

E is: 0.19268248136298913
Var is: 0.013762775966498575

3倍下界是: 0.14768500069445767
3倍上界是: 0.24947786019847795

1倍下界是: 0.17588748123721543
1倍上界是: 0.20947561303111265