r is: [0.20384823 0.15938918 0.16997036 0.17870008 0.11137454 0.17645376
 0.22734663 0.19664249 0.19386131 0.25818114 0.20564176 0.21130804
 0.18700839 0.20871856 0.15883192 0.16712535 0.18684614 0.21441609
 0.22834853 0.16284684 0.15204379 0.11554635 0.14845387 0.12632625
 0.12278926 0.40850142 0.16573124 0.14385282 0.1502953  0.13416636
 0.12789279 0.14490376 0.16771706 0.13867769 0.16464596 0.20290841
 0.17118305 0.19410872 0.14806986 0.10930923 0.11471254 0.15295817
 0.18132758 0.13199065 0.14761025 0.16577396 0.17210817 0.23186356
 0.14446003 0.14996837]

nu is : -1.786728606707841
sigam is: 0.05807651181724776

E is: 0.16778998580246976
Var is: 0.010392078445844792

3倍下界是: 0.1407235231653616
3倍上界是: 0.19938870434949257

1倍下界是: 0.1580561200982562
1倍上界是: 0.1775235336537077