r is: [0.19422307 0.20852736 0.17972263 0.18557752 0.20976447 0.22192674
 0.26492445 0.28529549 0.27824353 0.26753809 0.22534079 0.25107426
 0.24378904 0.27302947 0.25654966 0.2430461  0.22323132 0.25983464
 0.24341864 0.21138071 0.23851431 0.1937661  0.23859232 0.12175737
 0.26426886 0.24115702 0.40971468 0.26409566 0.21582683 0.25324949
 0.24655072 0.24021534 0.23608125 0.199093   0.1892124  0.20639983
 0.21399062 0.18661607 0.2026769  0.24391488 0.20548326 0.17047216
 0.21631381 0.2246811  0.29811683 0.1816194  0.24609367 0.25791951
 0.22226086 0.27847002]

nu is : -1.4741577881130234
sigam is: 0.03299828869472554

E is: 0.22909618435708312
Var is: 0.019329211036044545

3倍下界是: 0.2073903206582985
3倍上界是: 0.25279840602027787

1倍下界是: 0.22153912316537933
1倍上界是: 0.23665320028965994