Start time is:  2020-03-03 09:44:13.832065
mean: -5.098734478293002

FN is: [765, 675, 599, 517, 436, 356, 268, 218, 164, 125, 97, 77, 61, 49, 46, 40, 34, 24, 21, 18]
TP is: [35, 125, 201, 283, 364, 444, 532, 582, 636, 675, 703, 723, 739, 751, 754, 760, 766, 776, 779, 782]
FP is: [938, 3768, 6677, 9702, 12816, 15823, 18832, 21611, 24061, 26257, 28160, 29792, 31135, 32120, 32931, 33544, 34057, 34533, 34940, 35329]
TN is: [39062, 36232, 33323, 30298, 27184, 24177, 21168, 18389, 15939, 13743, 11840, 10208, 8865, 7880, 7069, 6456, 5943, 5467, 5060, 4671]
false_alarm_rate is: [0.02345, 0.0942, 0.166925, 0.24255, 0.3204, 0.395575, 0.4708, 0.540275, 0.601525, 0.656425, 0.704, 0.7448, 0.778375, 0.803, 0.823275, 0.8386, 0.851425, 0.863325, 0.8735, 0.883225]
miss_rate is: [0.95625, 0.84375, 0.74875, 0.64625, 0.545, 0.445, 0.335, 0.2725, 0.205, 0.15625, 0.12125, 0.09625, 0.07625, 0.06125, 0.0575, 0.05, 0.0425, 0.03, 0.02625, 0.0225]
hit_rate is: [0.043749999999999956, 0.15625, 0.25125, 0.35375, 0.45499999999999996, 0.5549999999999999, 0.665, 0.7275, 0.795, 0.84375, 0.87875, 0.90375, 0.92375, 0.93875, 0.9425, 0.95, 0.9575, 0.97, 0.97375, 0.9775]


Finished.

End time is:  2020-03-03 17:33:44.865507