r is: [0.15633349 0.13297277 0.16988665 0.24944683 0.29559584 0.21069267
 0.24071442 0.11239696 0.16920677 0.1491079  0.23337975 0.22620298
 0.18385529 0.21990297 0.18842236 0.19420331 0.20795276 0.1988782
 0.14297675 0.19989763 0.22355558 0.21337021 0.1075174  0.33278055
 0.11583211 0.16960013 0.19269104 0.18240577 0.14255943 0.21525554
 0.33378769 0.18122194 0.33938311 0.19055441 0.28494422 0.22985693
 0.20180029 0.16864494 0.27414098 0.11830939 0.18499887 0.21135924
 0.17598583 0.19345858 0.19511089 0.1946874  0.20493123 0.26187606
 0.18504954 0.2929721 ]

nu is : -1.6248786373315136
sigam is: 0.07291386991605962

E is: 0.19745976811898552
Var is: 0.014420212513642163

3倍下界是: 0.15824350727466502
3倍上界是: 0.24508822589075788

1倍下界是: 0.18308724204639742
1倍上界是: 0.21183136532719443