r is: [0.25355102 0.22175491 0.23125839 0.24204175 0.17346955 0.23289338
 0.28471269 0.25451887 0.25407391 0.33334555 0.2601015  0.27601426
 0.24601205 0.2609768  0.22092141 0.22851408 0.25286356 0.28182146
 0.28536498 0.22422465 0.2122533  0.17970859 0.20329128 0.18839824
 0.1862144  0.50816493 0.22413548 0.20335909 0.20960414 0.19817719
 0.19118245 0.20415703 0.22860935 0.20167584 0.22246277 0.26357856
 0.23357935 0.25442656 0.21075066 0.17333688 0.17496313 0.20523455
 0.24686624 0.19764481 0.21183096 0.2314743  0.23257067 0.28950729
 0.20202047 0.21566182]

nu is : -1.4691743418756362
sigam is: 0.03442157291097925

E is: 0.230251769319617
Var is: 0.01952657356106132

3倍下界是: 0.20753836587724064
3倍上界是: 0.2551484814357802

1倍下界是: 0.22232924398238163
1倍上界是: 0.23817424080044788