r is: [0.13346852 0.09946215 0.21276065 0.07230222 0.11279908 0.12807883
 0.13648757 0.09924058 0.17124651 0.18395294 0.12115137 0.25737021
 0.16878743 0.1597074  0.20192618 0.17903101 0.20328747 0.17948718
 0.24207675 0.44375173 0.24059758 0.2580528  0.1907084  0.29220948
 0.36515001 0.49304376 0.17228763 0.25550417 0.2043333  0.21911215
 0.15212777 0.25302033 0.21913296 0.30848535 0.21981639 0.26113368
 0.2171331  0.23040832 0.20972069 0.18948799 0.14232697 0.18290093
 0.18542536 0.1943924  0.23979467 0.26197733 0.23822766 0.29257347
 0.19587384 0.1325683 ]

nu is : -1.6225978222903192
sigam is: 0.13262765074531732

E is: 0.19912892983690528
Var is: 0.014846138858116836

3倍下界是: 0.1325917030405509
3倍上界是: 0.29384147138290656

1倍下界是: 0.17286826076571998
1倍上界是: 0.22537937815781445