r is: [0.27088438 0.27901699 0.2923543  0.2485449  0.23631556 0.33324299
 0.25917696 0.28018642 0.31783216 0.25920347 0.24087159 0.23999091
 0.25781957 0.30240471 0.29828406 0.24729707 0.33132948 0.34824877
 0.26851569 0.33227576 0.24604697 0.25943956 0.28440496 0.2972321
 0.21401784 0.24008754 0.24626359 0.26727898 0.25741762 0.2206294
 0.268854   0.27580314 0.2476019  0.3093981  0.24702977 0.28887649
 0.34788863 0.27565923 0.2900873  0.26690068 0.28753563 0.33612029
 0.30917029 0.28491389 0.27093667 0.26388431 0.27446058 0.3506017
 0.26136599 0.36743566]

nu is : -1.280631833112345
sigam is: 0.015601738685337502

E is: 0.27789550257124973
Var is: 0.028416740941165582

3倍下界是: 0.26515597289732756
3倍上界是: 0.2911762232104262

1倍下界是: 0.27356019996000236
1倍上界是: 0.2822308024384342