r is: [0.25729752 0.25798657 0.27482891 0.25308917 0.25605914 0.24621742
 0.25172827 0.24451789 0.23537165 0.26450882 0.29739422 0.24733703
 0.26347803 0.28551351 0.35749616 0.22479513 0.23389711 0.25096831
 0.33787745 0.34263333 0.2479359  0.22400424 0.28108496 0.26285219
 0.31941426 0.29124548 0.34149091 0.28603026 0.29525167 0.28049772
 0.22725645 0.28725916 0.2365261  0.28807543 0.23916484 0.30215407
 0.23770257 0.24819978 0.24887063 0.27029544 0.23553744 0.22848693
 0.27240544 0.29737262 0.29945739 0.24699857 0.25691158 0.23216894
 0.21613693 0.24124498]

nu is : -1.3297700226740634
sigam is: 0.014703188992029919

E is: 0.264566688033765
Var is: 0.02575548466600145

3倍下界是: 0.2531230386612412
3倍上界是: 0.27646792850211616

1倍下界是: 0.26067699329560384
1倍上界是: 0.26845638071127237