r is: [0.23862174 0.25489223 0.14797326 0.16389036 0.18016062 0.18734803
 0.18575963 0.33997036 0.19106967 0.21060851 0.28076887 0.21662107
 0.20195029 0.25881885 0.16168345 0.20822081 0.22115596 0.24071953
 0.14778122 0.15142027 0.21104865 0.17938306 0.37642573 0.24158411
 0.19663455 0.2015106  0.26879776 0.2521195  0.2148585  0.39303787
 0.27018108 0.23496327 0.23567123 0.21877509 0.27295892 0.22372169
 0.22897788 0.22281882 0.2411018  0.19818568 0.37974958 0.32272142
 0.20818959 0.23936626 0.19762933 0.21954522 0.2561793  0.23848354
 0.19056225 0.21336809]

nu is : -1.4917837337109108
sigam is: 0.04987756235705719

E is: 0.2252510213750417
Var is: 0.01871196865240773

3倍下界是: 0.19370547942186214
3倍上界是: 0.2612830316808455

1倍下界是: 0.21402524661807185
1倍上界是: 0.23647656393945352