r is: [0.24346151 0.22846424 0.31184672 0.16089356 0.21104801 0.19420248
 0.27223677 0.1608059  0.25938276 0.15810541 0.15156228 0.20461758
 0.25498403 0.22656107 0.25109862 0.20086662 0.24640023 0.36087604
 0.22530175 0.31422864 0.22048742 0.19854493 0.2303674  0.20462064
 0.21650677 0.22918556 0.22920555 0.26696928 0.27173619 0.24201312
 0.21155681 0.20277995 0.22727325 0.25179217 0.2392133  0.19705105
 0.2602869  0.25519899 0.19395424 0.23177353 0.26001048 0.18403696
 0.19863226 0.22082268 0.25115589 0.21547507 0.1882263  0.26918558
 0.22194012 0.2108803 ]

nu is : -1.489713870902576
sigam is: 0.029793796525911024

E is: 0.22553722958089314
Var is: 0.018729557253203164

3倍下界是: 0.2061615363425597
3倍上界是: 0.24651498868470914

1倍下界是: 0.21881959244922497
1倍上界是: 0.2322548371005723