r is: [0.35551496 0.35266835 0.38087346 0.34628097 0.34822552 0.33182744
 0.33699827 0.3213356  0.31401227 0.35695712 0.39986126 0.33348084
 0.35740041 0.39240142 0.52933521 0.29682895 0.30442801 0.33333517
 0.48369842 0.49474506 0.3358499  0.29991653 0.39240142 0.36169323
 0.45584734 0.41071719 0.49055218 0.40219756 0.41775303 0.39562579
 0.30112999 0.40372758 0.31735461 0.39816545 0.32429868 0.42772598
 0.32598701 0.33953588 0.34174183 0.37522131 0.32040919 0.30745504
 0.38441347 0.41474891 0.42572686 0.33769926 0.35186613 0.31635496
 0.28975004 0.32945652 0.30380527 0.26191112 0.27201897 0.28971598
 0.20515307 0.28558858 0.35795361 0.30816971 0.31578747 0.41673204
 0.32243447 0.34077293 0.29496563 0.31873995 0.26064072 0.27687436
 0.30537672 0.34300643 0.35900909 0.26555452 0.25460394 0.21424028
 0.24227178 0.22444676 0.22630146 0.70808681 0.27367085 0.24884255
 0.25447539 0.2431693  0.22636384 0.24340135 0.27913717 0.24379128
 0.27648448 0.31770637 0.28348447 0.31535323 0.2600801  0.20803094
 0.2089809  0.24454326 0.29250469 0.2389628  0.25660831 0.27884384
 0.28507822 0.37759504 0.24334572 0.25617056 0.26649569 0.24970577
 0.37980154 0.16719248 0.22972866 0.21034159 0.29869728 0.16127929
 0.30946956 0.17304062 0.16095581 0.22924613 0.28074632 0.25009235
 0.31052398 0.21680236 0.26813833 0.45725505 0.26608033 0.35691859
 0.24392113 0.22300904 0.25872021 0.23449472 0.24966537 0.25666692
 0.27333617 0.3213555  0.31567198 0.27621827 0.24270982 0.23300791
 0.25200265 0.27964804 0.27421014 0.21818608 0.30590472 0.28563819
 0.21519491 0.25558759 0.29972947 0.20522979 0.21845368 0.25518245
 0.2849875  0.24940847 0.20951647 0.30559013 0.25467298 0.2394822
 0.19763496 0.21285827 0.18480362 0.18423913 0.21748804 0.25896842
 0.29362986 0.31578489 0.31217358 0.30169398 0.23045748 0.27488821
 0.2655036  0.29456641 0.27375313 0.26063809 0.22875899 0.27218462
 0.27066259 0.22703034 0.25707069 0.19356881 0.24850658 0.10644429
 0.28481536 0.26500516 0.51428489 0.27821727 0.23274128 0.27104054
 0.26346424 0.25056296 0.25471207 0.19919684 0.19155784 0.20815653
 0.22707348 0.19898186 0.21658977 0.26230211 0.21440701 0.17131717
 0.22258659 0.24091659 0.31723851 0.19076814 0.24860615 0.2743391
 0.23240518 0.31037353]

nu is : -1.2679313870422824
sigam is: 0.06287491877674098

E is: 0.28196995413620884
Var is: 0.02936486864317402

3倍下界是: 0.23303744192427792
3倍上界是: 0.3398310724037507

1倍下界是: 0.2642640976941151
1倍上界是: 0.29967507690363687