Start time is:  2020-03-03 10:13:26.002278
mean: -4.795578766724045

FN is: [785, 735, 688, 649, 589, 542, 492, 436, 385, 327, 272, 226, 186, 152, 125, 107, 85, 78, 72, 65]
TP is: [15, 65, 112, 151, 211, 258, 308, 364, 415, 473, 528, 574, 614, 648, 675, 693, 715, 722, 728, 735]
FP is: [666, 2802, 4949, 7099, 9254, 11438, 13774, 16081, 18519, 20914, 23255, 25517, 27549, 29248, 30556, 31589, 32454, 33081, 33628, 34075]
TN is: [39334, 37198, 35051, 32901, 30746, 28562, 26226, 23919, 21481, 19086, 16745, 14483, 12451, 10752, 9444, 8411, 7546, 6919, 6372, 5925]
false_alarm_rate is: [0.01665, 0.07005, 0.123725, 0.177475, 0.23135, 0.28595, 0.34435, 0.402025, 0.462975, 0.52285, 0.581375, 0.637925, 0.688725, 0.7312, 0.7639, 0.789725, 0.81135, 0.827025, 0.8407, 0.851875]
miss_rate is: [0.98125, 0.91875, 0.86, 0.81125, 0.73625, 0.6775, 0.615, 0.545, 0.48125, 0.40875, 0.34, 0.2825, 0.2325, 0.19, 0.15625, 0.13375, 0.10625, 0.0975, 0.09, 0.08125]
hit_rate is: [0.018750000000000044, 0.08125000000000004, 0.14, 0.18874999999999997, 0.26375000000000004, 0.3225, 0.385, 0.45499999999999996, 0.51875, 0.59125, 0.6599999999999999, 0.7175, 0.7675, 0.81, 0.84375, 0.86625, 0.89375, 0.9025, 0.91, 0.91875]


Finished.

End time is:  2020-03-03 18:04:36.848303