r is: [0.69639773 0.82045511 0.3138932  0.35763268 0.28210851 0.36341504
 0.31717527 0.3579088  0.27087557 0.46634373 0.26784776 0.24587154
 0.2545782  0.31375575 0.41104583 0.27810155 0.23363296 0.22612348
 0.24516033 0.22309781 0.17304807 0.20863375 0.27034874 0.259948
 0.21861611 0.27638242 0.26884811 0.2415101  0.29053938 0.56696
 0.28787719 0.26565431 0.29300836 0.26579602 0.40322697 0.22383267
 0.18908269 0.20769077 0.23862359 0.19133195 0.13108584 0.13630018
 0.10490365 0.23863262 0.20337023 0.28040933 0.11884564 0.17105575
 0.30535998 0.21051271 0.36043442 0.59759074 0.27609936 0.27957922
 0.29016001 0.29962651 0.21628799 0.41412559 0.27825101 0.33600901
 0.3615591  0.250863   0.30081038 0.19742037 0.20450968 0.258718
 0.20494173 0.27290884 0.23551772 0.35703904 0.25830843 0.30922265
 0.75086117 0.26285227 0.19203304 0.25811617 0.29250961 0.19764012
 0.26002484 0.46435813 0.28214864 0.29372789 0.24256181 0.2504834
 0.22601705 0.22639856 0.22366564 0.25349169 0.1819454  0.28559529
 0.18275715 0.5343386  0.2828842  0.24203741 0.44732164 0.23450499
 0.35601801 0.52186185 0.27695675 0.21331891 0.23491315 0.21026179
 0.16318205 0.44638333 0.19648862 0.22929234 0.17033126 0.29845773
 0.21716552 0.24639937 0.22834386 0.33962061 0.17429081 0.1783678
 0.29611984 0.14439714 0.2857037  0.23069638 0.17882645 0.27613033
 0.3279986  0.33823477 0.33129098 0.21509889 0.49799506 0.19903594
 0.22301933 0.15456104 0.14671903 0.14685408 0.26124144 0.11394236
 0.19635151 0.20952928 0.22512845 0.34278254 0.20146292 0.18127772
 0.21499113 0.66989509 0.23788608 0.28533653 0.27428727 0.25293573
 0.61167641 0.28380914 0.64068692 0.20943943 0.30225909 0.43775758
 0.15572047 0.11825554 0.10448861 0.12968147 0.15156938 0.31116063
 0.13749159 0.64279042 0.59896072 0.23170676 0.20038014 0.2187675
 0.156114   0.32960081 0.38917265 0.46797997 0.22246048 0.22966547
 0.275925   0.22661467 0.51067899 0.27317651 0.63149877 0.55030813
 0.23542377 0.02474702 0.05416807 0.02655004 0.49421005 0.01635744
 0.09266116 0.05664855 0.04587762 0.22199815 0.35933017 0.14380049
 0.0643643  0.13687428 0.51281924 0.17554077 0.12463031 0.18035459
 0.47122648 0.40240265 0.5472732  0.23707397 0.63045932 0.24640121
 0.54145739 0.26151425]

nu is : -1.3969500316422374
sigam is: 0.30570342016980706

E is: 0.2591825236179823
Var is: 0.02713337114540469

3倍下界是: 0.0988590389818327
3倍上界是: 0.618882546711569

1倍下界是: 0.1821994246760279
1倍上界是: 0.33579762350690157