Start time is:  2020-03-03 21:45:40.811203
mean: -16.770788835038

FN is: [516, 369, 212, 122, 81, 68, 51, 35, 23, 17, 13, 8, 5, 1, 0, 0, 0, 0, 0, 0]
TP is: [284, 431, 588, 678, 719, 732, 749, 765, 777, 783, 787, 792, 795, 799, 800, 800, 800, 800, 800, 800]
FP is: [3678, 6030, 8416, 11018, 13887, 16832, 20121, 23380, 26658, 29808, 32829, 35479, 37331, 38557, 39253, 39690, 39870, 39935, 39963, 39978]
TN is: [36322, 33970, 31584, 28982, 26113, 23168, 19879, 16620, 13342, 10192, 7171, 4521, 2669, 1443, 747, 310, 130, 65, 37, 22]
false_alarm_rate is: [0.09195, 0.15075, 0.2104, 0.27545, 0.347175, 0.4208, 0.503025, 0.5845, 0.66645, 0.7452, 0.820725, 0.886975, 0.933275, 0.963925, 0.981325, 0.99225, 0.99675, 0.998375, 0.999075, 0.99945]
miss_rate is: [0.645, 0.46125, 0.265, 0.1525, 0.10125, 0.085, 0.06375, 0.04375, 0.02875, 0.02125, 0.01625, 0.01, 0.00625, 0.00125, 0.0, 0.0, 0.0, 0.0, 0.0, 0.0]
hit_rate is: [0.355, 0.5387500000000001, 0.735, 0.8475, 0.8987499999999999, 0.915, 0.93625, 0.95625, 0.97125, 0.97875, 0.98375, 0.99, 0.99375, 0.99875, 1.0, 1.0, 1.0, 1.0, 1.0, 1.0]


Finished.

End time is:  2020-03-04 06:23:20.531597