r is: [0.21850367 0.23592875 0.25725268 0.23719836 0.23754722 0.24628495
 0.23595116 0.23958199 0.26363765 0.23651153 0.27766481 0.2974289
 0.29597666 0.26999676 0.23902078 0.2453491  0.2261028  0.26225318
 0.26301187 0.28153849 0.18151986 0.27996426 0.2169937  0.24693125
 0.2655629  0.21780092 0.24871008 0.29815641 0.28803841 0.27048436
 0.25384416 0.31136437 0.23825992 0.19449363 0.25858425 0.22586066
 0.27124763 0.25430623 0.27145107 0.22575002 0.27429806 0.24424928
 0.30121417 0.24750815 0.26057171 0.23617161 0.21004735 0.31365407
 0.2082238  0.28725054 0.28926952 0.22489367 0.30212669 0.27274624
 0.27876909 0.23745085 0.27136521 0.29185357 0.27720256 0.22412503
 0.27380712 0.2647996  0.29013976 0.25768333 0.28842147 0.29888547
 0.25301105 0.25306831 0.32520042 0.28471161 0.28740408 0.27814984
 0.29921201 0.29542678 0.29565979 0.28498031 0.26210726 0.27741978
 0.28529991 0.26959896 0.28289335 0.24247007 0.29809212 0.26646565
 0.22244923 0.25981985 0.25675287 0.25411757 0.28276844 0.25704726
 0.27811848 0.27977729 0.27545122 0.27522582 0.27963382 0.27815371
 0.28393287 0.25404897 0.30802735 0.24648304 0.25307675 0.28603211
 0.2644978  0.28336473 0.28410618 0.31106238 0.25661424 0.27501047
 0.25070538 0.25446728 0.25011917 0.27908861 0.25754274 0.23431193
 0.2136037  0.27672485 0.29615931 0.26620593 0.25591708 0.28665299
 0.31180914 0.24575179 0.21807788 0.26644074 0.27763795 0.244945
 0.21637304 0.27115729 0.27398285 0.27270936 0.27525754 0.27231042
 0.24173882 0.28933627 0.26936423 0.25435996 0.29291913 0.22771372
 0.28966871 0.30285607 0.31004867 0.27523952 0.28489714 0.23661236
 0.28361829 0.23284335 0.28761334 0.27991077 0.26562576 0.28421693
 0.23755774 0.28465629 0.2275749  0.24243894 0.25442235 0.27256133
 0.26377129 0.28440924 0.27900931 0.21110453 0.26529428 0.2876365
 0.26474291 0.23093241 0.25748954 0.24689248 0.23082574 0.24578257
 0.23784595 0.2764275  0.2739814  0.26374569 0.27124107 0.30783423
 0.22647637 0.24181205 0.29138768 0.29941536 0.30605067 0.25816927
 0.27238879 0.26525922 0.26541858 0.2603872  0.25261665 0.26319523
 0.26721239 0.24007364 0.22278057 0.2631942  0.28965322 0.23734787
 0.28031805 0.26938269 0.26993829 0.24757223 0.27428675 0.26982601
 0.29105986 0.26078689]

nu is : -1.3358493105915574
sigam is: 0.009864768873511762

E is: 0.26294756119941287
Var is: 0.0254381822918944

3倍下界是: 0.25526740984983526
3倍上界是: 0.2708324259010893

1倍下界是: 0.2603537282147832
1倍上界是: 0.26554139376903674