r is: [0.4125369  0.42142921 0.39607454 0.34115553 0.31862651 0.46934487
 0.31906437 0.375765   0.36943953 0.31092969 0.39676313 0.27925556
 0.3509552  0.28941464 0.32629706 0.27386463 0.42920891 0.41602343
 0.26978014 0.28311806 0.37989    0.27589462 0.26904394 0.31588847
 0.3144586  0.26455167 0.27324064 0.28637695 0.2665254  0.28960217
 0.26343405 0.31916838 0.3777247  0.23097012 0.23823582 0.4206015
 0.30812051 0.27130925 0.26441005 0.27928088 0.27286411 0.27533876
 0.35901568 0.26911484 0.26450913 0.31314747 0.35623553 0.2918031
 0.28707622 0.32252976 0.26721389 0.29533778 0.39603384 0.2601845
 0.27938631 0.27517513 0.24479427 0.36061904 0.32770926 0.27204708
 0.25541191 0.2662589  0.28758853 0.27303102 0.28078492 0.30507173
 0.22983652 0.22026463 0.33750557 0.2529256  0.44004499 0.27501458
 0.27208381 0.26027383 0.23789769 0.28228608 0.2353056  0.3762285
 0.5313767  0.39337509 0.31121702 0.29924406 0.30008098 0.26572127
 0.23674499 0.24079889 0.33348792 0.37882845 0.28970592 0.33534061
 0.39950964 0.33479448 0.28005545 0.26321734 0.26843633 0.24322207
 0.29093101 0.24059258 0.29673453 0.2137854  0.24179776 0.22939475
 0.2792906  0.22646434 0.28441091 0.25787471 0.27171011 0.25483332
 0.24212945 0.22726742 0.2281207  0.31561246 0.24415484 0.25725217
 0.27678587 0.31548423 0.22877129 0.26319785 0.25986693 0.24040308
 0.23299479 0.22433303 0.45215387 0.23312666 0.23705363 0.24280651
 0.23280181 0.24417897 0.23919787 0.22143942 0.23858215 0.27175612
 0.23815061 0.24131    0.26748732 0.21092602 0.19330023 0.28342109
 0.30780708 0.25928643 0.23486915 0.22918028 0.23824175 0.23871024
 0.23786943 0.31030514 0.1745996  0.19696222 0.18851921 0.24857628
 0.19514451 0.26857139 0.25845754 0.21839258 0.21126304 0.27011713
 0.31284322 0.34588652 0.22852843 0.25145212 0.28047726 0.28331625
 0.24994852 0.2253217  0.31717231 0.22183952 0.25819547 0.28637345
 0.27958042 0.34926101 0.30709172 0.27847115 0.26181135 0.25726931
 0.27189102 0.22172022 0.24516748 0.27095837 0.24333634 0.25148993
 0.2239515  0.27434267 0.2475602  0.25956063 0.24054492 0.23721793
 0.25622038 0.22710214 0.20840237 0.22936214 0.22337371 0.21693398
 0.31295508 0.34200433 0.34130625 0.34003279 0.24369836 0.33308843
 0.24039597 0.31548804]

nu is : -1.2820766656288851
sigam is: 0.03577205570846904

E is: 0.27763809063926886
Var is: 0.028393527880481186

3倍下界是: 0.24922658091871105
3倍上界是: 0.30889295115359433

1倍下界是: 0.26771060303559246
1倍上界是: 0.28756550249773105