Start time is:  2020-03-03 10:08:29.459871
FN is: [651, 562, 469, 403, 300, 235, 185, 150, 130, 103, 84, 67, 58, 49, 44, 41, 37, 33, 31, 31]
TP is: [149, 238, 331, 397, 500, 565, 615, 650, 670, 697, 716, 733, 742, 751, 756, 759, 763, 767, 769, 769]
FP is: [5080, 7916, 10772, 13817, 16870, 20033, 23024, 26058, 28599, 30807, 32570, 33947, 35095, 35905, 36452, 36872, 37203, 37448, 37682, 37892]
TN is: [34920, 32084, 29228, 26183, 23130, 19967, 16976, 13942, 11401, 9193, 7430, 6053, 4905, 4095, 3548, 3128, 2797, 2552, 2318, 2108]
false_alarm_rate is: [0.127, 0.1979, 0.2693, 0.345425, 0.42175, 0.500825, 0.5756, 0.65145, 0.714975, 0.770175, 0.81425, 0.848675, 0.877375, 0.897625, 0.9113, 0.9218, 0.930075, 0.9362, 0.94205, 0.9473]
miss_rate is: [0.81375, 0.7025, 0.58625, 0.50375, 0.375, 0.29375, 0.23125, 0.1875, 0.1625, 0.12875, 0.105, 0.08375, 0.0725, 0.06125, 0.055, 0.05125, 0.04625, 0.04125, 0.03875, 0.03875]
hit_rate is: [0.18625000000000003, 0.2975, 0.41374999999999995, 0.49624999999999997, 0.625, 0.70625, 0.76875, 0.8125, 0.8375, 0.87125, 0.895, 0.91625, 0.9275, 0.93875, 0.945, 0.94875, 0.95375, 0.95875, 0.96125, 0.96125]


Finished.

End time is:  2020-03-03 18:02:00.276828