Start time is:  2020-03-03 10:04:00.612067
FN is: [666, 578, 486, 392, 299, 223, 174, 137, 108, 82, 67, 55, 50, 43, 39, 31, 30, 27, 25, 22]
TP is: [134, 222, 314, 408, 501, 577, 626, 663, 692, 718, 733, 745, 750, 757, 761, 769, 770, 773, 775, 778]
FP is: [3976, 6269, 8502, 10829, 13053, 15333, 17873, 20536, 23319, 26016, 28573, 30871, 32872, 34542, 35931, 36892, 37565, 38022, 38341, 38549]
TN is: [36024, 33731, 31498, 29171, 26947, 24667, 22127, 19464, 16681, 13984, 11427, 9129, 7128, 5458, 4069, 3108, 2435, 1978, 1659, 1451]
false_alarm_rate is: [0.0994, 0.156725, 0.21255, 0.270725, 0.326325, 0.383325, 0.446825, 0.5134, 0.582975, 0.6504, 0.714325, 0.771775, 0.8218, 0.86355, 0.898275, 0.9223, 0.939125, 0.95055, 0.958525, 0.963725]
miss_rate is: [0.8325, 0.7225, 0.6075, 0.49, 0.37375, 0.27875, 0.2175, 0.17125, 0.135, 0.1025, 0.08375, 0.06875, 0.0625, 0.05375, 0.04875, 0.03875, 0.0375, 0.03375, 0.03125, 0.0275]
hit_rate is: [0.16749999999999998, 0.27749999999999997, 0.39249999999999996, 0.51, 0.62625, 0.72125, 0.7825, 0.82875, 0.865, 0.8975, 0.91625, 0.93125, 0.9375, 0.94625, 0.95125, 0.96125, 0.9625, 0.96625, 0.96875, 0.9725]


Finished.

End time is:  2020-03-03 17:57:58.225912