r is: [0.44706005 0.41547347 0.3651933  0.27185278 0.39117208 0.36896493
 0.30285861 0.2978975  0.41308211 0.45399418 0.52070757 0.35186322
 0.33734929 0.4137838  0.396169   0.39683678 0.37869962 0.4823376
 0.37132599 0.45627368 0.51215547 0.49792271 0.36764173 0.43354086
 0.46072064 0.48626204 0.43609215 0.41418396 0.37500241 0.39734324
 0.3880936  0.36724379 0.43668501 0.31896061 0.45915001 0.36920564
 0.37908251 0.3220991  0.32453361 0.36052662 0.34621228 0.37544724
 0.37589963 0.39334477 0.35863681 0.36752181 0.37314877 0.47229721
 0.42429429 0.54507211 0.39310249 0.34869007 0.34279658 0.37991336
 0.35531157 0.30717038 0.38417919 0.33619103 0.37208031 0.35179862
 0.45587184 0.38045051 0.29581043 0.35327369 0.4046945  0.25626611
 0.31009738 0.38056668 0.35518349 0.33039171 0.37728788 0.34691552
 0.35836423 0.33557896 0.31651885 0.31054746 0.37842171 0.41413762
 0.32991135 0.29240054 0.25709033 0.25753494 0.26576282 0.24559775
 0.24527645 0.3308881  0.26006057 0.28667382 0.25133627 0.23867709
 0.34602205 0.25481177 0.29032814 0.26577902 0.24957421 0.29620327
 0.25480227 0.32509362 0.26312105 0.40383624 0.32847399 0.30271054
 0.28595401 0.28445528 0.34600514 0.33897331 0.27791756 0.27080854
 0.2747648  0.35614248 0.34390345 0.40708491 0.33390688 0.30375691
 0.28652658 0.5297944  0.33126428 0.44703434 0.44705092 0.32962307
 0.38154783 0.36022379 0.44675786 0.32559763 0.34012409 0.30995342
 0.32285806 0.36801846 0.36705324 0.3397066  0.32468002 0.29135925
 0.40367786 0.56659781 0.32242234 0.4422644  0.33120008 0.37579535
 0.32918383 0.33686538 0.2763995  0.3292889  0.42465762 0.31193896
 0.36028828 0.34921319 0.34258249 0.4739071  0.30436834 0.2862285
 0.33116337 0.2079774  0.2265099  0.24227485 0.23201713 0.22147934
 0.18670696 0.19969839 0.26792408 0.33369194 0.19996933 0.20859599
 0.19418205 0.21599738 0.23648488 0.29779355 0.24577269 0.32283746
 0.2038832  0.20423674 0.24922395 0.23893112 0.20194193 0.37878672
 0.20114503 0.23092928 0.29110074 0.3317931  0.24888626 0.22632694
 0.2071846  0.20478195 0.21078632 0.21953341 0.26512464 0.24942961
 0.37355747 0.23648586 0.23647828 0.27677332 0.28926859 0.28838542
 0.21729869 0.25118563 0.22440421 0.25865142 0.29462846 0.23569068
 0.23029078 0.25899698]

nu is : -1.135794621918874
sigam is: 0.05820073986812241

E is: 0.32171122298299665
Var is: 0.038204017773050936

3倍下界是: 0.2697130018257622
3倍上界是: 0.38243659570651706

1倍下界是: 0.30300821495214886
1倍上界是: 0.3404136163513563