r is: [0.30687862 0.31442221 0.27544339 0.29464809 0.27404006 0.29338267
 0.28468104 0.29536553 0.29340253 0.28944046 0.28598906 0.28666973
 0.28485145 0.29394023 0.28802584 0.28166969 0.27745071 0.29257374
 0.3343043  0.28900988 0.28484554 0.27054005 0.28825305 0.28803571
 0.28251286 0.29171931 0.29278516 0.26973561 0.27335048 0.29475124
 0.28525526 0.29616865 0.28308455 0.28776231 0.27768155 0.28977132
 0.29043722 0.29920361 0.29989333 0.31007311 0.27645827 0.30406996
 0.28805611 0.28086689 0.2929133  0.28257356 0.28782468 0.28969858
 0.27138127 0.29729353]

nu is : -1.241192112367495
sigam is: 0.0015624382652829614

E is: 0.28903979778246197
Var is: 0.03073419679168205

3倍下界是: 0.28768779638770614
3倍上界是: 0.2903974440439887

1倍下界是: 0.28858819130956287
1倍上界是: 0.289491404255074