r is: [0.28456827 0.22649149 0.30097724 0.27314306 0.2831289  0.23625021
 0.27097216 0.28071397 0.27529267 0.22883455 0.27965766 0.26845294
 0.29125391 0.26339769 0.2947952  0.29755219 0.26273489 0.26059528
 0.31242186 0.28473924 0.2756275  0.27872325 0.30388096 0.28922754
 0.29623554 0.29027899 0.27265744 0.28678003 0.29027978 0.28054784
 0.28924048 0.25202387 0.30197833 0.26475103 0.2225441  0.2734931
 0.26949451 0.26887354 0.29024878 0.26836516 0.28500398 0.29290489
 0.28032834 0.28617959 0.29111673 0.28730887 0.29332512 0.26919684
 0.31596215 0.25643097]

nu is : -1.282915877804247
sigam is: 0.005687954316712936

E is: 0.2772322430830995
Var is: 0.028275288604965566

3倍下界是: 0.27253731437847434
3倍上界是: 0.28199892648159935

1倍下界是: 0.2756553757306129
1倍上界是: 0.2788091103872231