r is: [0.18539673 0.20609903 0.21892215 0.20085331 0.20925952 0.20761907
 0.20198833 0.20500075 0.23743506 0.21195565 0.24937548 0.24950272
 0.25189924 0.24365589 0.21358233 0.22022181 0.20182075 0.24450024
 0.24223466 0.25140767 0.17448125 0.23532711 0.17238808 0.20089549
 0.24226496 0.20159023 0.23079138 0.25127179 0.25595858 0.22795702
 0.23060192 0.26651226 0.20864908 0.16968854 0.23866268 0.21412614
 0.24431643 0.23681095 0.25080427 0.20651031 0.24306329 0.19944935
 0.25472248 0.1924305  0.22691442 0.21467432 0.18705013 0.25862912
 0.18809975 0.2629434 ]

nu is : -1.508166109339275
sigam is: 0.01393637342536653

E is: 0.22133696767568617
Var is: 0.0180259341182967

3倍下界是: 0.2122532313558059
3倍上界是: 0.23076463382969054

1倍下界是: 0.21825253204157902
1倍上界是: 0.22442140191830587