r is: [0.25476018 0.27393996 0.26940211 0.27957059 0.28279933 0.2941442
 0.25658891 0.27612336 0.24026295 0.26080326 0.2496     0.27391853
 0.25481529 0.23581524 0.21713932 0.28277759 0.29303106 0.2780226
 0.26460938 0.28668829 0.30253905 0.24803018 0.22341879 0.27042443
 0.28642861 0.25489082 0.21567146 0.27572145 0.27531094 0.27499791
 0.27947593 0.27605746 0.24874656 0.29278348 0.27489059 0.25289767
 0.28775552 0.22817406 0.29632756 0.30354765 0.297035   0.28055193
 0.28153355 0.2401759  0.28650149 0.23860553 0.29021585 0.282051
 0.25972328 0.28872624]

nu is : -1.3174964637675837
sigam is: 0.007445426118202177

E is: 0.26781234563492684
Var is: 0.026387046323947498

3倍下界是: 0.26188946799396273
3倍上界是: 0.27385399340276934

1倍下界是: 0.26581840537802615
1倍上界是: 0.2698062857546663