r is: [0.30225831 0.27142718 0.28067521 0.28305579 0.27782491 0.28251877
 0.28413584 0.27943394 0.28727665 0.28419447 0.28319426 0.30239337
 0.29396319 0.27861162 0.28970905 0.28603632 0.28933464 0.28852166
 0.30200485 0.28570163 0.28938696 0.28107487 0.28227264 0.28280305
 0.2868076  0.28947014 0.29424269 0.28678604 0.26999416 0.28524217
 0.32857559 0.27861159 0.29145921 0.30594312 0.2940841  0.28955642
 0.2859477  0.28553747 0.28049068 0.29200252 0.30095654 0.29249777
 0.27401306 0.29186763 0.29396888 0.31295125 0.27670369 0.28125807
 0.31278623 0.2915904 ]

nu is : -1.2426232106214021
sigam is: 0.0013732276939772328

E is: 0.2886263691141831
Var is: 0.0306463212052271

3倍下界是: 0.2874394948170382
3倍上界是: 0.28981759764122605

1倍下界是: 0.2882300196399572
1倍上界是: 0.28902271858823797