r is: [0.2810404  0.25816173 0.27647277 0.19994738 0.27401164 0.28327996
 0.20743795 0.26494389 0.28332933 0.20807914 0.20665349 0.23740793
 0.28344671 0.244715   0.24516765 0.24190965 0.25263863 0.24838749
 0.27468472 0.29455933 0.31628867 0.25903133 0.25496431 0.27790776
 0.27316136 0.31120182 0.23405802 0.26539829 0.25995361 0.28365411
 0.28817191 0.27577884 0.28198113 0.2837211  0.2782223  0.29148649
 0.28490827 0.28746836 0.26608698 0.28189035 0.28446341 0.2738658
 0.26304646 0.28503174 0.28673996 0.30051572 0.27733867 0.28591671
 0.302628   0.27614275]

nu is : -1.3174261563788403
sigam is: 0.010488849169736707

E is: 0.26783848490857154
Var is: 0.026393638049514365

3倍下界是: 0.2595274753650901
3倍上界是: 0.2763852346141296

1倍下界是: 0.2650292701899236
1倍上界是: 0.2706476990869377