r is: [0.29705673 0.28184311 0.28348954 0.26931033 0.2920486  0.28995052
 0.25328388 0.2909391  0.30391146 0.27905917 0.28159952 0.2915747
 0.26941133 0.27772176 0.29519029 0.28597724 0.30979974 0.29464639
 0.28550423 0.29130632 0.28610378 0.29919623 0.29117805 0.31201345
 0.27687595 0.2919021  0.29441033 0.23764295 0.25785932 0.28032484
 0.29387404 0.31631956 0.2681483  0.29757882 0.33295563 0.26891421
 0.26102099 0.28873753 0.30422839 0.28072758 0.25386923 0.28928105
 0.31335893 0.28409087 0.25631397 0.28267332 0.28094418 0.28650804
 0.29607518 0.30030038]

nu is : -1.253166264970774
sigam is: 0.003907429552669487

E is: 0.28560126165472066
Var is: 0.03000767808407753

3倍下界是: 0.28227075243870564
3倍上界是: 0.28896665553072576

1倍下界是: 0.2844853005186194
1倍上界是: 0.2867172227797258