r is: [0.23726482 0.28467134 0.22306291 0.24094757 0.25638366 0.27317389
 0.26185751 0.28168006 0.27810386 0.21542479 0.26532574 0.28563613
 0.26077656 0.2309979  0.25998345 0.24792666 0.23153982 0.24814013
 0.24144608 0.27112204 0.26975063 0.2647067  0.26922553 0.30647502
 0.22911862 0.23974776 0.29166911 0.29772427 0.30598878 0.26101648
 0.27456688 0.26717973 0.266663   0.26237663 0.25406883 0.26605708
 0.26771254 0.23923372 0.22119023 0.26354558 0.28746742 0.23610675
 0.28143029 0.26493141 0.27260086 0.24779183 0.27620182 0.27197761
 0.29114868 0.26030147]

nu is : -1.342531305472146
sigam is: 0.006968536630728232

E is: 0.26119003707100985
Var is: 0.025098040843395966

3倍下界是: 0.2557801697388955
3倍上界是: 0.26670137409906886

1倍下界是: 0.25936995414041564
1倍上界是: 0.2630101198989524