r is: [0.3421089  0.33172417 0.4643062  0.25370011 0.31630036 0.2956009
 0.36567565 0.24581773 0.39402461 0.25260062 0.24385859 0.31554309
 0.36277851 0.33280097 0.39609316 0.30049163 0.35287144 0.53898296
 0.35095479 0.43957543 0.3150109  0.30304159 0.34011884 0.31402678
 0.3350897  0.33804382 0.35980351 0.40719873 0.39891812 0.36328875
 0.32684683 0.31779036 0.33656991 0.36137797 0.36225372 0.30171536
 0.38545322 0.37085941 0.29874137 0.33946319 0.38131694 0.28918681
 0.30326201 0.34018532 0.36928227 0.33152374 0.29509565 0.39267315
 0.33757222 0.32438288]

nu is : -1.082310515532945
sigam is: 0.023074234917400117

E is: 0.3389019978195917
Var is: 0.04227513501665844

3倍下界是: 0.31615166744031487
3倍上界是: 0.36309607483073414

1倍下界是: 0.33108347321779064
1倍上界是: 0.3467205064121623