r is: [0.30148469 0.31638262 0.28691155 0.28707053 0.32099793 0.36101059
 0.39911253 0.4172838  0.41944094 0.40908193 0.33146857 0.38064181
 0.37042119 0.39747172 0.38071194 0.36658809 0.3350664  0.37478775
 0.37589308 0.3288749  0.3610124  0.29762629 0.35146108 0.20848842
 0.39219135 0.36903222 0.6132095  0.38127602 0.33611565 0.37499186
 0.36691159 0.35453586 0.35841063 0.30541406 0.29939878 0.31564309
 0.33053234 0.30190303 0.31803861 0.36681909 0.31804676 0.2712552
 0.32896334 0.34923226 0.41705075 0.29304449 0.35005117 0.37493226
 0.33369644 0.4170733 ]

nu is : -1.0552324605160432
sigam is: 0.024250901519374497

E is: 0.34821387404224863
Var is: 0.04463269090227285

3倍下界是: 0.32368477123649414
3倍上界是: 0.374381571894274

1倍下界是: 0.33977101891542916
1倍上界是: 0.35665670909948893