r is: [0.37216316 0.38604079 0.40165432 0.34614265 0.33726339 0.45037903
 0.36162423 0.37906561 0.43938814 0.35475653 0.33558158 0.33954854
 0.3642815  0.41672978 0.41554448 0.34269517 0.46105937 0.48446315
 0.3833689  0.45629822 0.35134226 0.3464469  0.39854347 0.39788708
 0.30955034 0.342041   0.34576186 0.37564724 0.36922599 0.30758607
 0.37181625 0.37686215 0.33442521 0.41743541 0.34442237 0.40155273
 0.47873777 0.37248027 0.38670574 0.36413519 0.4048169  0.48093216
 0.42157103 0.40050474 0.37030573 0.37028035 0.38177484 0.48683531
 0.36720927 0.49677519]

nu is : -0.9537006737633021
sigam is: 0.014102596048245866

E is: 0.3853507840348643
Var is: 0.05463920677631118

3倍下界是: 0.36935078047406983
3倍上界是: 0.4019639441243542

1倍下界是: 0.379916696583262
1倍上界是: 0.3907848689462062