r is: [0.3549824  0.3521146  0.25152974 0.26221705 0.29382484 0.30245682
 0.2928671  0.49918377 0.30615888 0.337144   0.39801137 0.3363983
 0.31366108 0.37901242 0.26170716 0.33406808 0.33969353 0.37196416
 0.25038398 0.25568523 0.3489236  0.28290653 0.5573249  0.38186582
 0.31332698 0.32798266 0.38646318 0.3761356  0.33023039 0.5707298
 0.4109035  0.3612504  0.35445267 0.33742846 0.41411989 0.34015396
 0.32927668 0.35707604 0.37957861 0.31537446 0.56921385 0.46287509
 0.3299339  0.34696931 0.31256281 0.33757602 0.39320523 0.36301578
 0.31100091 0.34043957]

nu is : -1.0547868503414861
sigam is: 0.035575267706539376

E is: 0.34848710513784703
Var is: 0.04473305785622649

3倍下界是: 0.3130123433923945
3倍上界是: 0.38749162349019894

1倍下界是: 0.3360947656876048
1倍上界是: 0.3608793515883778