r is: [0.33100162 0.33376119 0.35826523 0.32680192 0.33162379 0.31803395
 0.32514568 0.31200657 0.30464216 0.3430509  0.3804396  0.3214162
 0.33937743 0.36594604 0.46142779 0.29039895 0.29890848 0.32310606
 0.44177968 0.44804169 0.32483473 0.29374913 0.36907739 0.34539369
 0.41957375 0.38275964 0.44558892 0.3778563  0.38964625 0.37384599
 0.29445053 0.37719798 0.30742859 0.37214322 0.31394221 0.39575056
 0.31821149 0.32680982 0.32699042 0.3560891  0.30971652 0.29982666
 0.36425977 0.38336082 0.39539629 0.32595964 0.33558826 0.30866728
 0.28555727 0.31764784]

nu is : -1.0634234808412502
sigam is: 0.014807155128282524

E is: 0.3453096062644415
Var is: 0.04387509385748253

3倍下界是: 0.33026994418623
3倍上界是: 0.3609549879810611

1倍下界是: 0.3401969256437882
1倍上界是: 0.3504222841186723