r is: [0.34413722 0.31457272 0.3218782  0.3407728  0.26133945 0.33816268
 0.41121064 0.35938064 0.369722   0.45906984 0.37394907 0.39195356
 0.34668728 0.36443113 0.31411374 0.32976143 0.35691193 0.38817424
 0.40710917 0.31889778 0.30973019 0.27069528 0.29610212 0.28074426
 0.28268882 0.71394347 0.328378   0.30475666 0.30975693 0.29878429
 0.28271645 0.29696253 0.33442244 0.29936663 0.33095905 0.36817409
 0.33617049 0.36954139 0.31600546 0.26546813 0.26627599 0.29851726
 0.34381874 0.29560976 0.31321877 0.33371626 0.33989746 0.42977656
 0.29930033 0.31228277]

nu is : -1.0977263627991372
sigam is: 0.02787651446293427

E is: 0.33375842946260353
Var is: 0.04101167382027954

3倍下界是: 0.3068623797935704
3倍上界是: 0.3627298925294783

1倍下界是: 0.32445680075510347
1倍上界是: 0.34306002458514023