r is: [0.2739253  0.23574149 0.28295999 0.41680837 0.46684926 0.31464498
 0.36925561 0.22264197 0.28903253 0.26099593 0.38523124 0.33043941
 0.31111971 0.31851859 0.33731499 0.31553749 0.31990888 0.31976341
 0.2520172  0.32222851 0.33544236 0.32919688 0.21848496 0.53207426
 0.22837566 0.29128546 0.30563893 0.29049414 0.25179135 0.33509429
 0.52770974 0.31014712 0.49483915 0.33051081 0.44302818 0.37324609
 0.33020071 0.29980582 0.42684788 0.21736157 0.30846494 0.33184747
 0.30007116 0.31290902 0.2912239  0.30857705 0.33788194 0.41043129
 0.30126969 0.40277855]

nu is : -1.1298250486959056
sigam is: 0.044706496653654754

E is: 0.32341281289765167
Var is: 0.038555645030217495

3倍下界是: 0.2825373460695321
3倍上界是: 0.369462674943201

1倍下界是: 0.30896368126561596
1倍上界是: 0.33786172932235614