r is: [0.22986681 0.19446168 0.29690811 0.15315868 0.21136359 0.22634927
 0.24025514 0.19052982 0.30004541 0.29765472 0.22662378 0.38629711
 0.27528808 0.29762992 0.31968908 0.29777601 0.32734086 0.28841646
 0.35802828 0.64911041 0.36658184 0.38633496 0.32398715 0.46820276
 0.56183776 0.72993588 0.28653229 0.38979109 0.32769378 0.33122126
 0.26460795 0.38105993 0.34682196 0.45555335 0.34528445 0.40957934
 0.35187081 0.36880093 0.32425681 0.31503971 0.2485496  0.3028423
 0.30416169 0.30258076 0.36470273 0.37434332 0.39762943 0.47583022
 0.33245546 0.24177244]

nu is : -1.1311859320317958
sigam is: 0.08588693753372069

E is: 0.3238426112330827
Var is: 0.038866649633280105

3倍下界是: 0.24936271776204497
3倍上界是: 0.41747729498870634

1倍下界是: 0.2960956101454585