r is: [0.29042713 0.27333334 0.38654587 0.20313043 0.26080124 0.24344092
 0.29746929 0.19696382 0.33088014 0.2178005  0.19975844 0.26158245
 0.30595166 0.27688425 0.3344015  0.24721034 0.29038731 0.45209078
 0.29521842 0.35947653 0.26957709 0.25550867 0.28304793 0.27477258
 0.28000259 0.2833472  0.30118402 0.34169705 0.33594693 0.30022283
 0.27284622 0.2652534  0.2790647  0.29540886 0.29899688 0.25059681
 0.32636692 0.30588211 0.2494133  0.27965505 0.3215813  0.24025747
 0.24997573 0.28445686 0.30787424 0.28135315 0.24284001 0.32364142
 0.28366254 0.26963539]

nu is : -1.265289070129052
sigam is: 0.024235780519779596

E is: 0.28224059907291854
Var is: 0.029322404567889124

3倍下界是: 0.2623708254247156
3倍上界是: 0.30343686033220646

1倍下界是: 0.27540160890217164
1倍上界是: 0.28907957301703835