r is: [0.2965707  0.28223448 0.1993577  0.20834398 0.23846079 0.24364925
 0.23393907 0.4057089  0.25226132 0.28006679 0.32167572 0.27599738
 0.25226391 0.31102345 0.20508852 0.27436634 0.28717158 0.31447637
 0.19925321 0.20452997 0.28883839 0.22833144 0.45607201 0.31884623
 0.25956445 0.27356122 0.3264669  0.31425693 0.27082156 0.47317297
 0.33706606 0.2984232  0.29349126 0.2779032  0.34843538 0.28256296
 0.27703796 0.29964614 0.32080846 0.25968916 0.47752335 0.38415238
 0.27115344 0.28193761 0.25511387 0.27362265 0.32204156 0.29887961
 0.25181555 0.28028544]

nu is : -1.252015599856133
sigam is: 0.0396362828577487

E is: 0.2861525890197327
Var is: 0.030170545959342814

3倍下界是: 0.2538721593202223
3倍上界是: 0.3220312297681997

1倍下界是: 0.2748164434027809
1倍上界是: 0.297488616974701