r is: [0.28270394 0.28314082 0.3021407  0.27825492 0.28029412 0.26993582
 0.27928611 0.26636696 0.25945557 0.29515011 0.32822981 0.27330945
 0.28537267 0.30514271 0.37659866 0.24758289 0.25638381 0.27750729
 0.37360908 0.36894767 0.27797955 0.25394239 0.31458577 0.29557606
 0.35012054 0.32285834 0.36803151 0.32261169 0.3310535  0.32108334
 0.25339096 0.32088506 0.26404253 0.3105339  0.27090824 0.33391427
 0.27944895 0.28175452 0.28184857 0.30499196 0.26833471 0.25921627
 0.31508231 0.31857168 0.33658549 0.28095911 0.28683558 0.27138959
 0.24866647 0.27503002]

nu is : -1.2229191110116104
sigam is: 0.012352597758682495

E is: 0.29439207322523825
Var is: 0.031887759783219796

3倍下界是: 0.28366057776722386
3倍上界是: 0.30548294827086503

1倍下界是: 0.2907557507467715
1倍上界是: 0.2980283945613782