r is: [0.24475367 0.25763575 0.23465583 0.23287217 0.26165545 0.30229592
 0.33014302 0.34734526 0.34519763 0.33944352 0.2716141  0.31377558
 0.30610945 0.32900492 0.31056854 0.30185203 0.27225618 0.30925473
 0.31256825 0.27300999 0.29774964 0.24123174 0.28681463 0.15926557
 0.32027181 0.30657415 0.50254174 0.31607886 0.27919731 0.30945395
 0.30369271 0.29281334 0.29719301 0.2457153  0.239214   0.25387515
 0.27344192 0.24874777 0.26285336 0.3038211  0.26099178 0.22319121
 0.26618621 0.28495879 0.33585843 0.24025684 0.28168754 0.30777865
 0.27301054 0.34422612]

nu is : -1.2542045491115017
sigam is: 0.026939042128490086

E is: 0.28540624485529076
Var is: 0.029988009089361754

3倍下界是: 0.26315247143361237
3倍上界是: 0.30931737589963443

1倍下界是: 0.27771952117143894
1倍上界是: 0.2930929434920815