r is: [0.31258221 0.32233058 0.33152349 0.29796942 0.28328276 0.37413006
 0.30904475 0.31987654 0.36340024 0.29772182 0.2853962  0.28331648
 0.30514816 0.34775759 0.346225   0.29041894 0.38877048 0.4001329
 0.32436677 0.38112788 0.29433412 0.29316528 0.32934    0.3291015
 0.26383233 0.28781173 0.2938354  0.31958559 0.31094596 0.25704047
 0.32095899 0.31539209 0.28318442 0.35172815 0.28682786 0.34357487
 0.39260781 0.30676838 0.3198559  0.30038236 0.34487085 0.40519488
 0.35459072 0.33565063 0.31028373 0.30667108 0.32029881 0.40040077
 0.30983812 0.40303573]

nu is : -1.1299455198252173
sigam is: 0.012787899243642447

E is: 0.32307727120235863
Var is: 0.038405139818080816

3倍下界是: 0.31089214812107585
3倍上界是: 0.3356850794407438

1倍下界是: 0.31894601609229467
1倍上界是: 0.3272085248725202