r is: [0.29177282 0.2613842  0.26756722 0.28285531 0.21808995 0.28491715
 0.34773457 0.30389382 0.31039407 0.37290237 0.31677575 0.32636357
 0.29022294 0.30812757 0.26195618 0.27725857 0.29607344 0.32033307
 0.34246851 0.26561667 0.26011573 0.22615783 0.25121387 0.23532161
 0.2371199  0.55064929 0.27668034 0.25665305 0.26135062 0.25163991
 0.23832213 0.25051174 0.28059315 0.25111979 0.27986099 0.3101328
 0.28216612 0.31406236 0.26635272 0.22114291 0.22325784 0.25426139
 0.2870351  0.24947602 0.26192449 0.27765399 0.28962608 0.36290717
 0.25342526 0.26300201]

nu is : -1.2743528350092301
sigam is: 0.02512619927063525

E is: 0.27970014172679125
Var is: 0.028798182017100896

3倍下界是: 0.25930989342146177
3倍上界是: 0.30150332424202386

1倍下界是: 0.27267380974553734
1倍上界是: 0.28672645513104766