r is: [0.17719479 0.14722343 0.23024741 0.10482663 0.16129973 0.17703362
 0.18972306 0.14265738 0.24979587 0.24267236 0.17705566 0.32209426
 0.2277193  0.24549865 0.26119176 0.24114171 0.26558124 0.23641955
 0.29222907 0.53694751 0.29463687 0.30754304 0.26415602 0.3924121
 0.47041079 0.58726984 0.22842452 0.31660019 0.26387027 0.27522142
 0.21273886 0.31339453 0.28147551 0.37364606 0.28130296 0.33706293
 0.29122858 0.30579828 0.26304809 0.25626859 0.19677242 0.24964545
 0.25124511 0.24747833 0.29490666 0.30906573 0.33042115 0.39911199
 0.27529579 0.19029133]

nu is : -1.3453675878857825
sigam is: 0.10215266013680979

E is: 0.26180639339299544
Var is: 0.02547991348160073

3倍下界是: 0.19169962822396094
3倍上界是: 0.35384029649918897

1倍下界是: 0.23515268603232062
1倍上界是: 0.28845536248830084