r is: [0.21606021 0.17989519 0.22331489 0.3408956  0.38474523 0.25229788
 0.29788732 0.17076957 0.23006754 0.20434628 0.3171275  0.266875
 0.25043459 0.25463025 0.27938716 0.25643009 0.25391942 0.26081496
 0.19699498 0.2579728  0.2706727  0.2630934  0.16459869 0.44280863
 0.17699743 0.22935744 0.24484174 0.23557755 0.19642369 0.27121676
 0.43339254 0.24898584 0.40023522 0.27015214 0.36152759 0.30003004
 0.26336481 0.23908947 0.35267507 0.16777016 0.24854799 0.26361679
 0.24201803 0.25049525 0.23022944 0.24418003 0.27328951 0.333158
 0.23914051 0.32533759]

nu is : -1.352301496668337
sigam is: 0.05275048919489059

E is: 0.25900441020392545
Var is: 0.024747327759341648

3倍下界是: 0.2207878564059723
3倍上界是: 0.3029916507649327

1倍下界是: 0.2453543011662392
1倍上界是: 0.2726541852468714