r is: [0.2996593  0.36227511 0.35158955 0.29923915 0.28666686 0.40318986
 0.29095009 0.33887578 0.33209407 0.27899677 0.35130271 0.25400796
 0.31266131 0.26132223 0.29844233 0.24807383 0.37604781 0.37303346
 0.24634429 0.25958092 0.34639937 0.2533785  0.24827982 0.28909541
 0.28943833 0.24363353 0.25265518 0.26476453 0.24507159 0.26590894
 0.24315891 0.2938793  0.33503347 0.21205074 0.21572874 0.37894103
 0.28038526 0.24838438 0.24310964 0.25673961 0.25113482 0.25270983
 0.3273982  0.25024224 0.24481797 0.28229335 0.32163971 0.26769801
 0.26872563 0.29821189 0.2414416  0.27072438 0.35860655 0.24109282
 0.25738298 0.25111588 0.22494144 0.32659504 0.29618767 0.24976852
 0.23561343 0.24421352 0.26611815 0.25253695 0.26041588 0.28220879
 0.21127071 0.20228459 0.30544072 0.23577713 0.39499523 0.25483044
 0.25172421 0.24001821 0.22064426 0.25845272 0.21731226 0.34226538
 0.44170002 0.35865429 0.28722087 0.27496231 0.27712182 0.24577926
 0.21848936 0.22738839 0.30536792 0.34080616 0.26372962 0.30427329
 0.36438797 0.3053736  0.25435366 0.24300759 0.24221221 0.22038082
 0.26744306 0.22342028 0.27118046 0.20282611 0.22536067 0.21065828
 0.25258333 0.20639361 0.2616094  0.23510547 0.24760726 0.23311829
 0.22015249 0.20727779 0.21109068 0.28976769 0.22381021 0.23501404
 0.2525754  0.28333338 0.21189121 0.23977391 0.23583181 0.21915696
 0.21228203 0.2052169  0.40277853 0.21436815 0.21342485 0.21986626
 0.21129484 0.22550275 0.21733495 0.19665465 0.21975722 0.24581792
 0.21479824 0.22245499 0.24365914 0.19454651 0.17470578 0.26183602
 0.27748924 0.23958643 0.21575516 0.20811064 0.21833311 0.21637959
 0.21572355 0.28645795 0.16413552 0.17958409 0.17331653 0.22397215
 0.18574202 0.24813253 0.23550964 0.19827721 0.19519246 0.24990302
 0.2827333  0.31714195 0.21347007 0.23454451 0.25715002 0.25968047
 0.23145264 0.20554799 0.29175185 0.2082657  0.2364246  0.26320939
 0.25624702 0.31973175 0.28198976 0.25669974 0.24096081 0.23711421
 0.24567777 0.20268346 0.22345005 0.24836063 0.22464236 0.23272167
 0.20821004 0.25239985 0.22699801 0.23867571 0.22122486 0.22000065
 0.23314964 0.20821422 0.19180268 0.21326741 0.20698239 0.20049489
 0.28972147 0.31322802 0.31090878 0.31229196 0.22561109 0.30297835
 0.22286524 0.29024865]

nu is : -1.372766192784811
sigam is: 0.031963754589574025

E is: 0.25353450470440964
Var is: 0.023671368949098538

3倍下界是: 0.23023437744427877
3倍上界是: 0.27890754583434063

1倍下界是: 0.24543332741868226
1倍上界是: 0.2616356378941922