Start time is:  2020-02-29 23:18:05.451604
FN is: [640, 545, 459, 381, 303, 236, 183, 148, 124, 99, 79, 65, 53, 47, 43, 37, 33, 30, 28, 24]
TP is: [160, 255, 341, 419, 497, 564, 617, 652, 676, 701, 721, 735, 747, 753, 757, 763, 767, 770, 772, 776]
FP is: [4568, 7242, 9853, 12454, 15195, 17998, 20841, 23688, 26434, 28910, 30970, 32804, 34198, 35339, 36271, 36940, 37396, 37737, 38016, 38236]
TN is: [35432, 32758, 30147, 27546, 24805, 22002, 19159, 16312, 13566, 11090, 9030, 7196, 5802, 4661, 3729, 3060, 2604, 2263, 1984, 1764]
false_alarm_rate is: [0.1142, 0.18105, 0.246325, 0.31135, 0.379875, 0.44995, 0.521025, 0.5922, 0.66085, 0.72275, 0.77425, 0.8201, 0.85495, 0.883475, 0.906775, 0.9235, 0.9349, 0.943425, 0.9504, 0.9559]
miss_rate is: [0.8, 0.68125, 0.57375, 0.47625, 0.37875, 0.295, 0.22875, 0.185, 0.155, 0.12375, 0.09875, 0.08125, 0.06625, 0.05875, 0.05375, 0.04625, 0.04125, 0.0375, 0.035, 0.03]
hit_rate is: [0.19999999999999996, 0.31875, 0.42625, 0.5237499999999999, 0.6212500000000001, 0.7050000000000001, 0.77125, 0.815, 0.845, 0.87625, 0.90125, 0.91875, 0.93375, 0.94125, 0.94625, 0.95375, 0.95875, 0.9625, 0.965, 0.97]


Finished.

End time is:  2020-03-01 07:12:42.57687