r is: [0.45922548 0.46519869 0.46605162 0.44075044 0.44022749 0.48919655
 0.46077103 0.44286823 0.48911683 0.44883303 0.4408184  0.44919593
 0.45860739 0.48441638 0.47954328 0.43661332 0.4842939  0.50622768
 0.46533673 0.52200616 0.45629835 0.43566605 0.47439079 0.47127792
 0.43666571 0.44007705 0.47478381 0.45606479 0.45983036 0.43580268
 0.46404949 0.45447316 0.43044023 0.46314359 0.44729804 0.48538948
 0.50614153 0.45679439 0.46516635 0.46020143 0.46818647 0.50214235
 0.49449716 0.47262583 0.45450603 0.46372982 0.46083157 0.5149976
 0.45138962 0.51073746]

nu is : -0.7648470916528425
sigam is: 0.002314410269373799

E is: 0.46540633632849304
Var is: 0.0796842387214064

3倍下界是: 0.46218486721004376
3倍上界是: 0.468647749053643

1倍下界是: 0.46432919704638215
1倍上界是: 0.4664834756083783