r is: [0.38326216 0.36927537 0.3705046  0.38183415 0.34431961 0.3707695
 0.41977725 0.39279907 0.39208171 0.44808648 0.39283072 0.40862634
 0.38367256 0.38363598 0.36991406 0.37276804 0.39139042 0.40646143
 0.40638035 0.36976241 0.36645391 0.35140402 0.35686455 0.35491728
 0.35527903 0.56541062 0.37247512 0.36334302 0.36598896 0.36241247
 0.3702372  0.35737107 0.3789483  0.3623     0.37085975 0.39996842
 0.3765201  0.40350906 0.37138043 0.35154163 0.35130076 0.3596488
 0.39380709 0.37778172 0.37379441 0.38284175 0.39066388 0.42023719
 0.36516315 0.38436408]

nu is : -0.9647554280729969
sigam is: 0.006064416505132345

E is: 0.381083396445639
Var is: 0.05342709301484565

3倍下界是: 0.37420605743164204
3倍上界是: 0.3880728580306175

1倍下界是: 0.37877237629454963
1倍上界是: 0.3833944165108229