r is: [0.42972634 0.41361022 0.46757094 0.38127939 0.4139503  0.40276553
 0.4296631  0.37942418 0.43528543 0.38777989 0.37691454 0.40851817
 0.44255467 0.4153834  0.4361566  0.40047613 0.43317872 0.48616156
 0.42012217 0.47230717 0.41092443 0.39959385 0.41304952 0.41447567
 0.41514765 0.4047596  0.42251957 0.44447676 0.43336311 0.42887053
 0.40743452 0.40663179 0.41954279 0.42393021 0.42863832 0.39990493
 0.43226259 0.43707627 0.40123532 0.41759506 0.43795735 0.39506017
 0.40073213 0.41531251 0.43458779 0.41218887 0.39811226 0.44666046
 0.41383015 0.40905543]

nu is : -0.8708513915128312
sigam is: 0.0027059261344231146

E is: 0.41859654174014166
Var is: 0.06446143513031778

3倍下界是: 0.41521070283734546
3倍上界是: 0.42200690053144774

1倍下界是: 0.4174638531807304
1倍上界是: 0.4197292302958127