r is: [0.32166447 0.31458587 0.33647792 0.3108229  0.31080036 0.29615724
 0.30053348 0.29035948 0.28105229 0.31593793 0.35447099 0.29678287
 0.31865263 0.34931597 0.46695166 0.267768   0.27587912 0.29831953
 0.41745023 0.42981359 0.29763389 0.26675004 0.34147478 0.31664763
 0.39603357 0.35869591 0.42620617 0.34873565 0.36135896 0.3419692
 0.26937938 0.35024967 0.28255086 0.35250065 0.28593477 0.37108068
 0.28108049 0.29739257 0.30122692 0.3264451  0.28271897 0.2721168
 0.33187447 0.36780626 0.36618637 0.29637324 0.30991897 0.27523847
 0.25704588 0.28901797]

nu is : -1.1380912288691791
sigam is: 0.01889334077480773

E is: 0.320487261312438
Var is: 0.03779915462264056

3倍下界是: 0.30277320527060386
3倍上界是: 0.33911662421047634

1倍下界是: 0.31443290329902135
1倍上界是: 0.32654161252046154