r is: [0.20518157 0.17499015 0.2186757  0.32501749 0.37855866 0.26012455
 0.30513849 0.1461487  0.2201613  0.19518479 0.29927788 0.27786683
 0.22790924 0.26991947 0.24753318 0.24662828 0.26215018 0.2401199
 0.18754625 0.25707108 0.27767476 0.26757855 0.15254809 0.43003042
 0.16016386 0.22379088 0.24462801 0.22742772 0.18760663 0.27028438
 0.43282053 0.23658758 0.43087805 0.24047939 0.36450765 0.28889102
 0.26168003 0.22385239 0.34722821 0.15670383 0.23798887 0.2691286
 0.22782517 0.24755805 0.24058845 0.24772952 0.26297202 0.32640035
 0.2377881  0.35705845]

nu is : -1.3769766219092476
sigam is: 0.06454369963979341

E is: 0.2528664798154125
Var is: 0.023620944883164335

3倍下界是: 0.2079187873767276
3倍上界是: 0.30625244821311887

1倍下界是: 0.2365678259810805
1倍上界是: 0.26916440306095635