r is: [0.47024483 0.46937027 0.41091045 0.41639232 0.43077073 0.43286063
 0.43474377 0.53182911 0.43952731 0.45055158 0.49825694 0.45290736
 0.44564537 0.47965504 0.42105818 0.44809056 0.46033106 0.46873686
 0.41255828 0.41420153 0.45054676 0.43474819 0.55908857 0.47088945
 0.43374908 0.43747265 0.46063581 0.4895488  0.47104116 0.57005133
 0.48760837 0.46203528 0.44692934 0.45561984 0.47792774 0.46417308
 0.46824249 0.45776216 0.46049859 0.4415688  0.5463436  0.52287111
 0.4498049  0.4550281  0.44219069 0.45403774 0.47590259 0.46042361
 0.4413938  0.45283361]

nu is : -0.7752835946107886
sigam is: 0.005251402453303904

E is: 0.4605794971230676
Var is: 0.07804169570752693

3倍下界是: 0.45337403857778913
3倍上界是: 0.4678865685894511

1倍下界是: 0.45816083102622557
1倍上界是: 0.4629981631615313