r is: [0.43392916 0.44093001 0.42460432 0.42913351 0.43949326 0.44648297
 0.47474886 0.4843196  0.48587036 0.47871043 0.450348   0.46576458
 0.46112369 0.47426405 0.47540634 0.46703311 0.45413645 0.46675956
 0.46510855 0.44527115 0.44683414 0.43629681 0.45499843 0.38969312
 0.46691327 0.44927112 0.56704321 0.45778241 0.44993693 0.46146463
 0.45839251 0.44424988 0.46004265 0.44015608 0.43304937 0.44299789
 0.44842088 0.43000677 0.43555163 0.46810589 0.43617129 0.42433521
 0.44852711 0.45765841 0.49329479 0.42714882 0.45553518 0.46119009
 0.44189036 0.4856868 ]

nu is : -0.7895143142172715
sigam is: 0.0028924524212906883

E is: 0.45406717420735104
Var is: 0.07584891363212806

3倍下界是: 0.4501422336049677
3倍上界是: 0.45802250571780256

1倍下界是: 0.452753810169901
1倍上界是: 0.45538053823950403