r is: [0.40399484 0.3823426  0.43825931 0.36271664 0.38904233 0.39935227
 0.40453833 0.38085203 0.42528007 0.42299116 0.39020004 0.48162749
 0.43361363 0.40950139 0.44493979 0.42703435 0.43513707 0.43374699
 0.44360967 0.57450059 0.46696756 0.47724969 0.43203713 0.48890536
 0.54800499 0.61561247 0.42514206 0.46749271 0.44692133 0.45858696
 0.41448546 0.4890146  0.43883693 0.50729301 0.45678941 0.47884873
 0.45491322 0.4479396  0.43957949 0.43450048 0.40931036 0.43843987
 0.43784026 0.4146186  0.45896272 0.47945766 0.46598891 0.4988588
 0.44061879 0.40165459]

nu is : -0.811729568253888
sigam is: 0.010113810563532822

E is: 0.44411203216973333
Var is: 0.07256630682616362

3倍下界是: 0.43081737613225374
3倍上界是: 0.4577701226123803

1倍下界是: 0.43962051996736395
1倍上界是: 0.4486035435976611