r is: [0.24337582 0.22842688 0.31186961 0.1607592  0.21093394 0.19406864
 0.27211345 0.16069369 0.25929589 0.1579893  0.15140947 0.20445929
 0.25487919 0.22645514 0.25098508 0.20074732 0.24624496 0.36081786
 0.22512393 0.31409064 0.22039814 0.19841166 0.23026689 0.20451797
 0.21637782 0.22905245 0.22905457 0.26677246 0.27156649 0.24185255
 0.21139643 0.20258913 0.22715398 0.25169007 0.23898905 0.19691962
 0.26022041 0.25501747 0.19377914 0.23165504 0.25994596 0.18384841
 0.1984502  0.22065329 0.25102086 0.21533292 0.18800627 0.26904888
 0.22179137 0.21068232]

nu is : -1.4903217281152394
sigam is: 0.029850694325568222

E is: 0.22540055927153188
Var is: 0.01870692826418629

3倍下界是: 0.20600109161761837
3倍上界是: 0.2464072448047021

1倍下界是: 0.2186741793657433
1倍上界是: 0.23212690935658892