r is: [0.3376796  0.3343459  0.35830612 0.32898761 0.32926386 0.31630762
 0.3191322  0.30607394 0.29852289 0.3368128  0.37729675 0.31541417
 0.34025448 0.37505175 0.50088985 0.28167322 0.28879578 0.31557481
 0.45809015 0.46130916 0.31466615 0.28194817 0.37087349 0.34063187
 0.42530473 0.38340569 0.45895252 0.37805152 0.39365984 0.36658026
 0.28626708 0.3826786  0.30107958 0.37719774 0.30453238 0.40624873
 0.30414113 0.31951489 0.31983331 0.35334274 0.30116036 0.28882697
 0.35583709 0.39302054 0.40234402 0.31607064 0.33266729 0.29685743
 0.27004544 0.31064892 0.28829767 0.24758055 0.25795371 0.27369831
 0.19076488 0.26811023 0.33697809 0.29049753 0.29549383 0.39355916
 0.30160896 0.31965014 0.27901017 0.30108681 0.24574853 0.25774678
 0.28713422 0.32317313 0.33606468 0.25132105 0.2383929  0.19781271
 0.22668814 0.20858229 0.20816765 0.66680279 0.25592503 0.23124881
 0.23663273 0.22236916 0.21123479 0.22644641 0.26122763 0.22575029
 0.25668694 0.29933158 0.26398971 0.29358666 0.23940206 0.19254088
 0.19446182 0.22941018 0.27603925 0.2209809  0.2389708  0.26122245
 0.26442306 0.35009494 0.22642024 0.23904689 0.25238051 0.23553962
 0.35523554 0.1565378  0.214959   0.19482453 0.28519436 0.15148028
 0.2872531  0.16150342 0.15019606 0.21470119 0.26392511 0.23763613
 0.28695162 0.20814055 0.25061624 0.42531068 0.24574528 0.33194825
 0.23001977 0.20689924 0.24557366 0.21905824 0.22815126 0.24166874
 0.25370404 0.29838458 0.29524611 0.25686479 0.22522271 0.21280703
 0.23539467 0.26306393 0.2581913  0.20404768 0.28560092 0.26608147
 0.20237196 0.23898612 0.27811658 0.19087617 0.20678811 0.2379752
 0.26427871 0.23043465 0.19563952 0.28433072 0.23720392 0.22237055
 0.18707906 0.20049915 0.17131704 0.17357826 0.20397313 0.24205578
 0.2749705  0.29565663 0.29140937 0.27720779 0.21645587 0.25866914
 0.2458029  0.2727859  0.25304668 0.23972414 0.21286824 0.2528726
 0.24983355 0.20939499 0.24164958 0.1779519  0.23376899 0.09896092
 0.26662007 0.24701976 0.47330885 0.26085122 0.21719137 0.25217359
 0.24339044 0.23433063 0.23367566 0.18555556 0.17766762 0.19475502
 0.20866366 0.18194435 0.19834737 0.23915851 0.19569334 0.15671061
 0.20461748 0.2225972  0.29928113 0.17494351 0.23297361 0.25642784
 0.21517479 0.28470847]

nu is : -1.334930295230856
sigam is: 0.06489857029984543

E is: 0.2637313301080885
Var is: 0.025695563161691828

3倍下界是: 0.21661666547359779
3倍上界是: 0.31974400608402953

1倍下界是: 0.24663916879341075
1倍上界是: 0.28082271255587626