r is: [0.15566367 0.13222733 0.16921801 0.24903988 0.29528903 0.20991533
 0.24036991 0.11163025 0.16858923 0.14840509 0.23279881 0.22540646
 0.18320864 0.21906527 0.18789056 0.19363848 0.20757306 0.19812361
 0.14227868 0.19952182 0.22297533 0.21274253 0.10688083 0.33257211
 0.11518785 0.16912206 0.19228509 0.18167571 0.14183943 0.21454419
 0.33367927 0.1806852  0.33941024 0.18994946 0.28472484 0.22951468
 0.20141319 0.16810636 0.27383737 0.11760389 0.18440953 0.21086649
 0.17538526 0.19293515 0.19438366 0.194144   0.2043613  0.26157946
 0.1845099  0.29260805]

nu is : -1.627888928709313
sigam is: 0.07369284811229801

E is: 0.19687749218244813
Var is: 0.014336929534179244

3倍下界是: 0.1573996017710473
3倍上界是: 0.24492324962010914

1倍下界是: 0.1823947879069712
1倍上界是: 0.21135923014608557