r is: [0.13346391 0.09949484 0.21257305 0.07235342 0.11280785 0.12811653
 0.13648216 0.09925404 0.17124283 0.18394766 0.12110548 0.25727875
 0.16878722 0.15960625 0.20188654 0.17897742 0.20311876 0.17949148
 0.24192785 0.44336798 0.24044321 0.25774627 0.19054116 0.29193825
 0.36489337 0.49254975 0.17222581 0.25521383 0.20421372 0.21908304
 0.15211417 0.25293927 0.21889516 0.30826195 0.21971683 0.26095678
 0.21704832 0.23024635 0.20961543 0.18938449 0.14233971 0.18283412
 0.18541291 0.19437643 0.2395493  0.26175329 0.23804869 0.29233994
 0.19578082 0.13254058]

nu is : -1.6230218549971114
sigam is: 0.1323855006114177

E is: 0.19903812402106907
Var is: 0.014831649994273022

3倍下界是: 0.1326318071815435
3倍上界是: 0.29350360612490933

1倍下界是: 0.17283682190085795
1倍上界是: 0.22522928428397251