r is: [0.25752806 0.25824456 0.27505714 0.253355   0.25631526 0.24641715
 0.25192979 0.24471032 0.23554109 0.26467338 0.29747763 0.24755375
 0.2636356  0.28565915 0.35767671 0.22494952 0.23411222 0.25119221
 0.33799251 0.34260387 0.24806343 0.22417861 0.28121318 0.26298732
 0.3194519  0.29137887 0.34142766 0.28613506 0.29540963 0.28055723
 0.22745619 0.28739913 0.23667283 0.28826    0.2392829  0.30228281
 0.23784661 0.24837314 0.24893507 0.27041792 0.23565545 0.22862627
 0.27246502 0.29757179 0.29958655 0.2471583  0.25707589 0.23233437
 0.21628695 0.24143302]

nu is : -1.3291847355939521
sigam is: 0.014662314962168842

E is: 0.26472142195123094
Var is: 0.025785589123107515

3倍下界是: 0.2533022902207961
3倍上界是: 0.2765958701284112

1倍下界是: 0.2608402702045606
1倍上界是: 0.2686025716588736