r is: [0.25334625 0.22149827 0.23097223 0.24182132 0.17317662 0.23267639
 0.28469374 0.2543077  0.25403245 0.33354042 0.26008298 0.27597791
 0.24585009 0.26077481 0.22066416 0.2282967  0.25268484 0.28168909
 0.28530347 0.22395441 0.21203665 0.17946813 0.20304138 0.18815601
 0.18599842 0.50902798 0.22395937 0.20319138 0.20942007 0.19796146
 0.19095367 0.20388168 0.22846052 0.20144943 0.22230194 0.26337188
 0.23336734 0.25430902 0.21061339 0.17314004 0.17477857 0.20502103
 0.24662028 0.19745783 0.21169073 0.23129197 0.23241147 0.28961179
 0.2018431  0.21543504]

nu is : -1.4699386240642374
sigam is: 0.03460674259745205

E is: 0.2300773296384115
Var is: 0.019497247156062106

3倍下界是: 0.20726463922907742
3倍上界是: 0.2550952188489966

1倍下界是: 0.2221182532434251
1倍上界是: 0.23803635105060816