r is: [0.270776   0.27889206 0.29222936 0.24855148 0.23625412 0.33301834
 0.25908966 0.28007938 0.31766134 0.25915976 0.24081288 0.2399253
 0.25770779 0.30224891 0.2981061  0.24722252 0.33112002 0.34797556
 0.26840849 0.33208058 0.245984   0.25945622 0.2842426  0.29712582
 0.21398868 0.24002842 0.24622325 0.26723534 0.25732994 0.22069701
 0.2688101  0.27578919 0.24766617 0.3093366  0.24695532 0.28882275
 0.34765362 0.27556209 0.28997124 0.26683787 0.28744919 0.33587746
 0.3089617  0.28478442 0.27086458 0.26380194 0.27431492 0.35032997
 0.26124924 0.36717005]

nu is : -1.2809868945302083
sigam is: 0.015554891761400746

E is: 0.2777966473799686
Var is: 0.028396485833023784

3倍下界是: 0.2650990975674012
3倍上界是: 0.2910319513902902

1倍下界是: 0.2734758977336646
1倍上界是: 0.28211739431598304