r is: [0.1939062  0.20820026 0.17942854 0.18527129 0.20945724 0.22171878
 0.26469906 0.28508739 0.27801327 0.26732846 0.22500564 0.25084369
 0.24353686 0.27270127 0.25626455 0.24277185 0.22292796 0.25947828
 0.2431741  0.21108976 0.23819756 0.1934295  0.23829475 0.12140887
 0.26397035 0.24089727 0.4097211  0.26375661 0.21556547 0.25293126
 0.24623178 0.23988178 0.23581568 0.19878269 0.1889148  0.20611068
 0.21371223 0.18635321 0.20240208 0.24366108 0.20514992 0.17015167
 0.2160155  0.22444104 0.29774136 0.18133475 0.24582695 0.2577034
 0.22199918 0.27826154]

nu is : -1.475423863081997
sigam is: 0.03312860944643393

E is: 0.2288073008445258
Var is: 0.019280660797915117

3倍下界是: 0.20704695174315466
3倍上界是: 0.25257727569222194

1倍下界是: 0.2212299827732212
1倍上界是: 0.2363845729955688