Start time is:  2020-03-04 23:42:36.374217
mean: -5.8828776004285395

FN is: [770, 671, 588, 492, 409, 321, 250, 193, 142, 105, 82, 62, 55, 44, 40, 35, 25, 21, 20, 17]
TP is: [30, 129, 212, 308, 391, 479, 550, 607, 658, 695, 718, 738, 745, 756, 760, 765, 775, 779, 780, 783]
FP is: [905, 3925, 6993, 10217, 13420, 16632, 19721, 22588, 25091, 27290, 29112, 30648, 31848, 32734, 33410, 33994, 34482, 34941, 35316, 35655]
TN is: [39095, 36075, 33007, 29783, 26580, 23368, 20279, 17412, 14909, 12710, 10888, 9352, 8152, 7266, 6590, 6006, 5518, 5059, 4684, 4345]
false_alarm_rate is: [0.022625, 0.098125, 0.174825, 0.255425, 0.3355, 0.4158, 0.493025, 0.5647, 0.627275, 0.68225, 0.7278, 0.7662, 0.7962, 0.81835, 0.83525, 0.84985, 0.86205, 0.873525, 0.8829, 0.891375]
miss_rate is: [0.9625, 0.83875, 0.735, 0.615, 0.51125, 0.40125, 0.3125, 0.24125, 0.1775, 0.13125, 0.1025, 0.0775, 0.06875, 0.055, 0.05, 0.04375, 0.03125, 0.02625, 0.025, 0.02125]
hit_rate is: [0.03749999999999998, 0.16125, 0.265, 0.385, 0.48875, 0.59875, 0.6875, 0.75875, 0.8225, 0.86875, 0.8975, 0.9225, 0.93125, 0.945, 0.95, 0.95625, 0.96875, 0.97375, 0.975, 0.97875]


Finished.

End time is:  2020-03-05 07:51:28.809809