r is: [0.23766332 0.25389498 0.14749507 0.16334016 0.17955938 0.18676248
 0.18510761 0.33869874 0.19038915 0.20986817 0.27972606 0.21582516
 0.20118898 0.25779224 0.16111647 0.20751906 0.22039193 0.23980807
 0.14731343 0.15095062 0.21033807 0.17871651 0.37492891 0.24070658
 0.19605854 0.20094649 0.26804041 0.25129043 0.21420081 0.39168579
 0.26917585 0.23420623 0.23501694 0.21799728 0.27202324 0.22283351
 0.22804074 0.22202404 0.24033541 0.19749253 0.37845563 0.32140337
 0.20748527 0.23849152 0.19696059 0.2187325  0.25523433 0.23770501
 0.18988143 0.21256813]

nu is : -1.495284756947133
sigam is: 0.049829151710754374

E is: 0.22446324944721707
Var is: 0.018581224841822605

3倍下界是: 0.1930565337319251
3倍上界是: 0.2603320618673164

1倍下界是: 0.21328757453778044
1倍上界是: 0.23563869387284278