Start time is:  2020-03-06 19:24:28.569298
FN is: [800, 799, 799, 799, 798, 798, 797, 797, 796, 793, 792, 791, 791, 791, 790, 787, 785, 784, 782, 781, 779, 778, 778, 776, 776, 773, 772, 770, 769, 763]
TP is: [0, 1, 1, 1, 2, 2, 3, 3, 4, 7, 8, 9, 9, 9, 10, 13, 15, 16, 18, 19, 21, 22, 22, 24, 24, 27, 28, 30, 31, 37]
FP is: [8, 136, 258, 383, 486, 21018, 21143, 21251, 21374, 21486, 21602, 21709, 21851, 21976, 22106, 22240, 22386, 22516, 22668, 22821, 22995, 23167, 23338, 23519, 23702, 23895, 24103, 24346, 24551, 24769]
TN is: [39992, 39864, 39742, 39617, 39514, 18982, 18857, 18749, 18626, 18514, 18398, 18291, 18149, 18024, 17894, 17760, 17614, 17484, 17332, 17179, 17005, 16833, 16662, 16481, 16298, 16105, 15897, 15654, 15449, 15231]
false_alarm_rate is: [0.0002, 0.0034, 0.00645, 0.009575, 0.01215, 0.52545, 0.528575, 0.531275, 0.53435, 0.53715, 0.54005, 0.542725, 0.546275, 0.5494, 0.55265, 0.556, 0.55965, 0.5629, 0.5667, 0.570525, 0.574875, 0.579175, 0.58345, 0.587975, 0.59255, 0.597375, 0.602575, 0.60865, 0.613775, 0.619225]
miss_rate is: [1.0, 0.99875, 0.99875, 0.99875, 0.9975, 0.9975, 0.99625, 0.99625, 0.995, 0.99125, 0.99, 0.98875, 0.98875, 0.98875, 0.9875, 0.98375, 0.98125, 0.98, 0.9775, 0.97625, 0.97375, 0.9725, 0.9725, 0.97, 0.97, 0.96625, 0.965, 0.9625, 0.96125, 0.95375]
hit_rate is: [0.0, 0.0012499999999999734, 0.0012499999999999734, 0.0012499999999999734, 0.0024999999999999467, 0.0024999999999999467, 0.003750000000000031, 0.003750000000000031, 0.0050000000000000044, 0.008750000000000036, 0.010000000000000009, 0.011249999999999982, 0.011249999999999982, 0.011249999999999982, 0.012499999999999956, 0.016249999999999987, 0.018750000000000044, 0.020000000000000018, 0.022499999999999964, 0.02375000000000005, 0.026249999999999996, 0.02749999999999997, 0.02749999999999997, 0.030000000000000027, 0.030000000000000027, 0.03374999999999995, 0.03500000000000003, 0.03749999999999998, 0.03874999999999995, 0.04625000000000001]


Finished.

End time is:  2020-03-07 07:03:14.099624

区间范围：0.01-6，30格




Start time is:  2020-03-07 09:56:50.050972
FN is: [798, 797, 796, 792, 791, 787, 785, 782, 778, 777, 774, 770, 763, 757, 750, 744, 740, 728, 718, 704, 687, 673, 252, 214, 185, 146, 103, 70, 40, 14]
TP is: [2, 3, 4, 8, 9, 13, 15, 18, 22, 23, 26, 30, 37, 43, 50, 56, 60, 72, 82, 96, 113, 127, 548, 586, 615, 654, 697, 730, 760, 786]
FP is: [440, 21108, 21354, 21598, 21859, 22132, 22429, 22747, 23100, 23455, 23859, 24345, 24791, 25322, 25884, 26572, 27222, 27904, 28605, 29340, 30167, 30991, 31522, 32511, 33544, 34528, 35507, 36514, 37471, 38345]
TN is: [39560, 18892, 18646, 18402, 18141, 17868, 17571, 17253, 16900, 16545, 16141, 15655, 15209, 14678, 14116, 13428, 12778, 12096, 11395, 10660, 9833, 9009, 8478, 7489, 6456, 5472, 4493, 3486, 2529, 1655]
false_alarm_rate is: [0.011, 0.5277, 0.53385, 0.53995, 0.546475, 0.5533, 0.560725, 0.568675, 0.5775, 0.586375, 0.596475, 0.608625, 0.619775, 0.63305, 0.6471, 0.6643, 0.68055, 0.6976, 0.715125, 0.7335, 0.754175, 0.774775, 0.78805, 0.812775, 0.8386, 0.8632, 0.887675, 0.91285, 0.936775, 0.958625]
miss_rate is: [0.9975, 0.99625, 0.995, 0.99, 0.98875, 0.98375, 0.98125, 0.9775, 0.9725, 0.97125, 0.9675, 0.9625, 0.95375, 0.94625, 0.9375, 0.93, 0.925, 0.91, 0.8975, 0.88, 0.85875, 0.84125, 0.315, 0.2675, 0.23125, 0.1825, 0.12875, 0.0875, 0.05, 0.0175]
hit_rate is: [0.0024999999999999467, 0.003750000000000031, 0.0050000000000000044, 0.010000000000000009, 0.011249999999999982, 0.016249999999999987, 0.018750000000000044, 0.022499999999999964, 0.02749999999999997, 0.028750000000000053, 0.03249999999999997, 0.03749999999999998, 0.04625000000000001, 0.053749999999999964, 0.0625, 0.06999999999999995, 0.07499999999999996, 0.08999999999999997, 0.10250000000000004, 0.12, 0.14125, 0.15874999999999995, 0.685, 0.7324999999999999, 0.76875, 0.8175, 0.87125, 0.9125, 0.95, 0.9825]


Finished.

End time is:  2020-03-07 22:08:07.547716
区间范围：1-18， 30格