r is: [0.22064892 0.24204002 0.260982   0.24055606 0.2418867  0.24861161
 0.23670247 0.2418969  0.2700426  0.24136876 0.28302857 0.30052675
 0.30096826 0.27884181 0.24394927 0.25114453 0.22990172 0.27197572
 0.27208157 0.28834079 0.18418276 0.2843832  0.21922038 0.24963817
 0.27127462 0.22269223 0.25749286 0.30063619 0.29392039 0.27220472
 0.25920097 0.31703469 0.24230107 0.1965315  0.26671757 0.23444455
 0.27649699 0.26302249 0.2787087  0.23223732 0.28128721 0.24695637
 0.30752851 0.24971324 0.26388548 0.24134436 0.2129857  0.32009294
 0.21124404 0.29676605 0.29440721 0.22926777 0.30936248 0.27870593
 0.2878786  0.24099123 0.27706081 0.29533438 0.28242255 0.22884853
 0.28252992 0.2718867  0.29738544 0.26549831 0.2974165  0.30381075
 0.26253177 0.26212578 0.32807856 0.29116366 0.29075253 0.28464886
 0.3086764  0.29934062 0.30259497 0.2938075  0.27253505 0.2886609
 0.29447746 0.28102633 0.29155136 0.25110554 0.30645344 0.27054324
 0.22632609 0.27185366 0.26802023 0.26652332 0.29266022 0.26789068
 0.28757048 0.29246028 0.28405192 0.28665242 0.29165068 0.28892817
 0.29569876 0.26687535 0.31934166 0.25631045 0.25999157 0.28962077
 0.27360275 0.28987687 0.29141636 0.31583668 0.26275586 0.28192966
 0.25372321 0.26417691 0.25596818 0.28561632 0.26291816 0.23995267
 0.21979183 0.2879852  0.30476709 0.2798432  0.26700728 0.29362529
 0.31860598 0.25224857 0.22479847 0.27573278 0.28992031 0.25568149
 0.22170938 0.28054956 0.28309302 0.28267667 0.28587583 0.28179692
 0.25098815 0.29981237 0.28035304 0.26208208 0.29878755 0.23355866
 0.30192968 0.31266255 0.31481695 0.28595043 0.29305566 0.24476236
 0.29328538 0.24106672 0.29752788 0.28892867 0.27174348 0.29420986
 0.24397695 0.29447081 0.22998515 0.24756388 0.26406915 0.28147092
 0.27023669 0.29280429 0.28832239 0.22045719 0.27373667 0.29548377
 0.27061795 0.23677865 0.26806352 0.25341299 0.23784651 0.25462147
 0.24741004 0.28169239 0.28057331 0.2726361  0.27853032 0.31888228
 0.23314181 0.24760304 0.30233544 0.3090381  0.31910243 0.27143576
 0.28537906 0.27809614 0.27676864 0.27295608 0.26257287 0.27541267
 0.27724169 0.2470251  0.22686233 0.27276185 0.29867003 0.24220905
 0.29223356 0.27511867 0.2827866  0.2542896  0.28699339 0.2818647
 0.30348288 0.26843117]

nu is : -1.3078304465742898
sigam is: 0.010276767554333396

E is: 0.27042036032215816
Var is: 0.026904824224691135

3倍下界是: 0.2621965805187756
3倍上界是: 0.2788726246415907

1倍下界是: 0.26764141071780445
1倍上界是: 0.27319930942381987