Start time is:  2020-03-05 09:25:57.939600
mean: -17.6887591996395

FN is: [727, 632, 550, 431, 340, 237, 171, 131, 94, 78, 70, 62, 51, 43, 34, 26, 22, 17, 14, 11, 8, 5, 3, 1, 1, 1, 0, 0, 0, 0]
TP is: [73, 168, 250, 369, 460, 563, 629, 669, 706, 722, 730, 738, 749, 757, 766, 774, 778, 783, 786, 789, 792, 795, 797, 799, 799, 799, 800, 800, 800, 800]
FP is: [789, 2025, 3388, 4770, 6196, 7614, 9197, 10713, 12378, 14102, 15984, 17878, 19861, 21942, 24044, 26130, 28096, 30087, 31997, 33724, 35280, 36592, 37650, 38457, 38963, 39320, 39624, 39770, 39853, 39903]
TN is: [39211, 37975, 36612, 35230, 33804, 32386, 30803, 29287, 27622, 25898, 24016, 22122, 20139, 18058, 15956, 13870, 11904, 9913, 8003, 6276, 4720, 3408, 2350, 1543, 1037, 680, 376, 230, 147, 97]
false_alarm_rate is: [0.019725, 0.050625, 0.0847, 0.11925, 0.1549, 0.19035, 0.229925, 0.267825, 0.30945, 0.35255, 0.3996, 0.44695, 0.496525, 0.54855, 0.6011, 0.65325, 0.7024, 0.752175, 0.799925, 0.8431, 0.882, 0.9148, 0.94125, 0.961425, 0.974075, 0.983, 0.9906, 0.99425, 0.996325, 0.997575]
miss_rate is: [0.90875, 0.79, 0.6875, 0.53875, 0.425, 0.29625, 0.21375, 0.16375, 0.1175, 0.0975, 0.0875, 0.0775, 0.06375, 0.05375, 0.0425, 0.0325, 0.0275, 0.02125, 0.0175, 0.01375, 0.01, 0.00625, 0.00375, 0.00125, 0.00125, 0.00125, 0.0, 0.0, 0.0, 0.0]
hit_rate is: [0.09125000000000005, 0.20999999999999996, 0.3125, 0.46125000000000005, 0.575, 0.70375, 0.78625, 0.8362499999999999, 0.8825000000000001, 0.9025, 0.9125, 0.9225, 0.93625, 0.94625, 0.9575, 0.9675, 0.9725, 0.97875, 0.9825, 0.98625, 0.99, 0.99375, 0.99625, 0.99875, 0.99875, 0.99875, 1.0, 1.0, 1.0, 1.0]


Finished.

End time is:  2020-03-05 21:27:12.494523