r is: [0.40748402 0.40871718 0.38117896 0.33012012 0.30638128 0.45869815
 0.30586197 0.36046972 0.35404609 0.30089867 0.38477599 0.27107489
 0.33715948 0.28229268 0.31354419 0.26743565 0.40836974 0.40476853
 0.26260356 0.27313012 0.36614748 0.26762178 0.25911386 0.30289888
 0.30031383 0.25559615 0.2633374  0.27472993 0.25822385 0.27897413
 0.25484943 0.31047221 0.36485512 0.22387501 0.23170389 0.41185833
 0.29796649 0.2628021  0.25631442 0.26984585 0.26415452 0.26592105
 0.34593958 0.25826029 0.25415488 0.30309464 0.34199926 0.28162218
 0.27507239 0.30901248 0.25927757 0.2830735  0.38501738 0.24909639
 0.26810863 0.26465545 0.23719388 0.34386801 0.31720421 0.26167028
 0.24628146 0.2573214  0.2746884  0.26223293 0.26885175 0.29174775
 0.22173202 0.21421451 0.32910397 0.24378993 0.42545298 0.26286696
 0.26020463 0.25054261 0.23020456 0.27163622 0.2247591  0.35743033
 0.52069506 0.3815914  0.29859109 0.29000814 0.28863378 0.25423995
 0.22858454 0.2318629  0.32229082 0.35998538 0.2794733  0.3232152
 0.38614443 0.32248914 0.26960877 0.25350153 0.25958815 0.23677844
 0.27950893 0.23287763 0.28706683 0.20730525 0.23449285 0.22287604
 0.27098615 0.22221058 0.2781127  0.24983262 0.26654483 0.24919977
 0.23768944 0.22188693 0.22168275 0.30507683 0.23478309 0.25005736
 0.26747495 0.30272521 0.22215649 0.25506335 0.25391539 0.2349687
 0.22843536 0.21964999 0.44028178 0.22815638 0.23445167 0.23776353
 0.22756466 0.23452111 0.23570571 0.22477571 0.23204203 0.26494441
 0.23275585 0.23458202 0.25902525 0.20638061 0.19183763 0.27161662
 0.29649873 0.25034833 0.22940946 0.22493711 0.23170079 0.2341399
 0.23213844 0.29841601 0.17101759 0.19052494 0.18410169 0.2403423
 0.18946347 0.25755809 0.25310304 0.21530187 0.20694012 0.26128164
 0.3095827  0.33042167 0.2217005  0.24043671 0.2684134  0.2720927
 0.24078696 0.21978007 0.30381827 0.21393089 0.24947862 0.27434247
 0.26877247 0.33754737 0.29362789 0.266429   0.25047284 0.24653685
 0.26102307 0.21500956 0.23724469 0.26081896 0.23376042 0.24167466
 0.21616961 0.26222919 0.23752878 0.24830834 0.23113174 0.22691782
 0.24755575 0.22197681 0.19914425 0.21907492 0.21493628 0.20883529
 0.30171308 0.32734268 0.32717031 0.32826999 0.2354987  0.31864557
 0.23055114 0.30157559]

nu is : -1.3157614687927168
sigam is: 0.03496764764213893

E is: 0.26843402810596007
Var is: 0.026540657808843307

3倍下界是: 0.2415534726111895
3倍上界是: 0.29794137921643077

1倍下界是: 0.25905131320199215
1倍上界是: 0.2778166761431522