Start time is:  2020-03-04 20:46:32.331517
mean: -8.807504142904445

FN is: [772, 666, 570, 473, 377, 278, 214, 165, 134, 109, 83, 65, 56, 46, 43, 38, 34, 31, 31, 29]
TP is: [28, 134, 230, 327, 423, 522, 586, 635, 666, 691, 717, 735, 744, 754, 757, 762, 766, 769, 769, 771]
FP is: [1112, 4397, 7637, 10824, 14258, 17823, 21287, 24654, 27741, 30333, 32351, 33888, 35132, 35974, 36518, 36939, 37246, 37504, 37758, 37967]
TN is: [38888, 35603, 32363, 29176, 25742, 22177, 18713, 15346, 12259, 9667, 7649, 6112, 4868, 4026, 3482, 3061, 2754, 2496, 2242, 2033]
false_alarm_rate is: [0.0278, 0.109925, 0.190925, 0.2706, 0.35645, 0.445575, 0.532175, 0.61635, 0.693525, 0.758325, 0.808775, 0.8472, 0.8783, 0.89935, 0.91295, 0.923475, 0.93115, 0.9376, 0.94395, 0.949175]
miss_rate is: [0.965, 0.8325, 0.7125, 0.59125, 0.47125, 0.3475, 0.2675, 0.20625, 0.1675, 0.13625, 0.10375, 0.08125, 0.07, 0.0575, 0.05375, 0.0475, 0.0425, 0.03875, 0.03875, 0.03625]
hit_rate is: [0.03500000000000003, 0.16749999999999998, 0.2875, 0.40874999999999995, 0.52875, 0.6525000000000001, 0.7324999999999999, 0.79375, 0.8325, 0.86375, 0.89625, 0.91875, 0.9299999999999999, 0.9425, 0.94625, 0.9525, 0.9575, 0.96125, 0.96125, 0.96375]


Finished.

End time is:  2020-03-05 04:29:45.241229