Start time is:  2020-03-05 09:29:07.581028
FN is: [655, 559, 461, 362, 256, 194, 154, 114, 88, 69, 57, 44, 41, 37, 32, 27, 26, 24, 23, 18]
TP is: [145, 241, 339, 438, 544, 606, 646, 686, 712, 731, 743, 756, 759, 763, 768, 773, 774, 776, 777, 782]
FP is: [4188, 6579, 8959, 11379, 13794, 16206, 18908, 21740, 24634, 27520, 30067, 32325, 34178, 35724, 36869, 37634, 38124, 38447, 38662, 38835]
TN is: [35812, 33421, 31041, 28621, 26206, 23794, 21092, 18260, 15366, 12480, 9933, 7675, 5822, 4276, 3131, 2366, 1876, 1553, 1338, 1165]
false_alarm_rate is: [0.1047, 0.164475, 0.223975, 0.284475, 0.34485, 0.40515, 0.4727, 0.5435, 0.61585, 0.688, 0.751675, 0.808125, 0.85445, 0.8931, 0.921725, 0.94085, 0.9531, 0.961175, 0.96655, 0.970875]
miss_rate is: [0.81875, 0.69875, 0.57625, 0.4525, 0.32, 0.2425, 0.1925, 0.1425, 0.11, 0.08625, 0.07125, 0.055, 0.05125, 0.04625, 0.04, 0.03375, 0.0325, 0.03, 0.02875, 0.0225]
hit_rate is: [0.18125000000000002, 0.30125, 0.42374999999999996, 0.5475, 0.6799999999999999, 0.7575000000000001, 0.8075, 0.8575, 0.89, 0.9137500000000001, 0.92875, 0.945, 0.94875, 0.95375, 0.96, 0.96625, 0.9675, 0.97, 0.97125, 0.9775]


Finished.

End time is:  2020-03-05 18:09:26.678784