r is: [0.43485176 0.40627685 0.3598963  0.27082196 0.38727952 0.36652452
 0.30259721 0.30111589 0.40746833 0.44454699 0.51305393 0.34916215
 0.33453531 0.40741695 0.39133394 0.39274206 0.37245587 0.47080139
 0.36846693 0.44953865 0.50306371 0.49122476 0.36432742 0.42763043
 0.45479777 0.4733012  0.42691365 0.401455   0.36823978 0.39353865
 0.38201139 0.36579688 0.43074415 0.31786446 0.45062262 0.35929018
 0.37468965 0.32615804 0.32669594 0.36051066 0.34165111 0.37345311
 0.37352198 0.38974617 0.35413297 0.36249352 0.37204244 0.46468422
 0.42048368 0.52779364 0.38864571 0.3427112  0.33892719 0.37482342
 0.35374048 0.31010149 0.38041834 0.33176173 0.36376239 0.35423137
 0.45234674 0.37301089 0.29833875 0.3514784  0.39779689 0.25593205
 0.30572651 0.38018528 0.35027369 0.3233867  0.36757198 0.33895029
 0.34881115 0.32613097 0.30602453 0.30565437 0.35864103 0.39976387
 0.33004017 0.29179409 0.25920607 0.25990139 0.27013117 0.24545415
 0.24710067 0.32657316 0.26381665 0.28848292 0.25188354 0.24266399
 0.34406541 0.26029574 0.28880875 0.26989545 0.25623385 0.29616643
 0.26109398 0.32197492 0.26393659 0.39943256 0.32906508 0.30182274
 0.28888574 0.28621705 0.34680181 0.33639036 0.27832904 0.27543631
 0.27730137 0.35425541 0.34027968 0.39866437 0.32718335 0.30440013
 0.2908559  0.51673641 0.33404194 0.43495668 0.43369552 0.32505428
 0.36748156 0.35909305 0.43032372 0.32566774 0.3455777  0.30896135
 0.31465634 0.36246596 0.35431975 0.33908117 0.32332643 0.29380045
 0.39350255 0.54910459 0.32249729 0.42838355 0.3327424  0.36964174
 0.32794625 0.33440678 0.27681705 0.32737248 0.41340196 0.30550864
 0.35838125 0.34711602 0.3378929  0.4494758  0.30295734 0.28945658
 0.32955674 0.21595858 0.22758481 0.24328834 0.23730565 0.22620341
 0.1963258  0.20871519 0.27219806 0.33352331 0.20546142 0.21417977
 0.20073413 0.22688677 0.2410765  0.30013411 0.24900203 0.32322421
 0.21452298 0.21238827 0.24911561 0.24510332 0.21293897 0.37432048
 0.21000679 0.23780846 0.29475163 0.33722018 0.25515069 0.23167781
 0.21777506 0.21556864 0.21675958 0.22517772 0.25953604 0.25434805
 0.36724429 0.23821183 0.24330361 0.28280356 0.29243196 0.28905455
 0.22333118 0.25228119 0.23293792 0.26220396 0.29335203 0.23849079
 0.23546167 0.2586712 ]

nu is : -1.1377107343641972
sigam is: 0.05046648118196626

E is: 0.3209604726800061
Var is: 0.03799397299298779

3倍下界是: 0.2755158341229931
3倍上界是: 0.3729498604282126

1倍下界是: 0.304776299558727
1倍上界是: 0.337144299050502