r is: [0.25473409 0.27376397 0.26934767 0.27949858 0.28271034 0.29399195
 0.25650526 0.27608283 0.2400966  0.26077862 0.24951654 0.27382335
 0.25477985 0.23575483 0.21707773 0.28279438 0.2930705  0.27807346
 0.26463461 0.2866304  0.30235228 0.24793372 0.22336385 0.27037898
 0.28642981 0.25491905 0.2156041  0.27568849 0.27527587 0.27497545
 0.2794537  0.27601463 0.24869672 0.29272781 0.27489961 0.25285512
 0.28759528 0.22809421 0.29633432 0.30344709 0.29696559 0.28052384
 0.28143998 0.24013903 0.2864423  0.2385879  0.29016846 0.28201094
 0.25964597 0.28866389]

nu is : -1.3177010631798205
sigam is: 0.007449041394962943

E is: 0.2677575642005274
Var is: 0.026376253825078095

3倍下界是: 0.26183305123159734
3倍上界是: 0.27380093835058417

1倍下界是: 0.26576306384308074
1倍上界是: 0.26975206442057437