r is: [0.30672138 0.31426545 0.27522437 0.29445525 0.27384713 0.29318176
 0.28448523 0.2951602  0.29320452 0.28923763 0.28578881 0.28646747
 0.28464533 0.2937482  0.28782106 0.28146544 0.27724224 0.29240659
 0.33419082 0.28881045 0.28465644 0.27029685 0.28806512 0.28783093
 0.28228613 0.2915077  0.29256255 0.26952023 0.27311428 0.29454985
 0.28505693 0.29595146 0.28287998 0.28755824 0.27746888 0.28955317
 0.2902368  0.29901238 0.29968967 0.30987695 0.27623091 0.30382752
 0.28784599 0.28063955 0.29270162 0.28236989 0.28762618 0.28949378
 0.27114137 0.29708356]

nu is : -1.2418993224047847
sigam is: 0.001568476071162646

E is: 0.28883546093036394
Var is: 0.030690757615794918

3倍下界是: 0.28747920533842464
3倍上界是: 0.29019740107932396

1倍下界是: 0.2883824297927492
1倍上界是: 0.28928849206768736