r is: [0.28472968 0.22656661 0.3011288  0.27328124 0.2832503  0.23635473
 0.27111448 0.28087405 0.27543888 0.22893368 0.27978476 0.26857104
 0.29140621 0.26351378 0.29493352 0.29768335 0.26282815 0.26070802
 0.31261524 0.28488089 0.27579162 0.2788613  0.3040272  0.28938137
 0.2963841  0.29040575 0.27274237 0.28689153 0.29041187 0.2806526
 0.2893679  0.25210179 0.30212265 0.264873   0.2226301  0.27357454
 0.26957488 0.26895398 0.29037519 0.26845278 0.28511064 0.29300013
 0.28044793 0.28629752 0.2912274  0.28742507 0.29344861 0.2692714
 0.31609937 0.25653257]

nu is : -1.2824826703625811
sigam is: 0.00569235786789753

E is: 0.2773523751211242
Var is: 0.028299800188101895

3倍下界是: 0.272651803215943
3倍上界是: 0.2821248440090536

1倍下界是: 0.2757736031745407
1倍上界是: 0.27893114701917376