r is: [0.29732488 0.2820375  0.2837154  0.26942549 0.29226449 0.29014049
 0.25337608 0.29109101 0.30416895 0.27927778 0.28182833 0.29182878
 0.26959269 0.27790798 0.29536149 0.28615796 0.31001484 0.29481047
 0.28564218 0.29144956 0.28624328 0.29938508 0.29133267 0.31229245
 0.2770262  0.2920787  0.29464319 0.23772614 0.25797398 0.28046607
 0.29405289 0.31658259 0.2683011  0.29776397 0.33331296 0.26909557
 0.26109221 0.28887484 0.30443588 0.28092913 0.25395855 0.28947394
 0.31368382 0.28429046 0.25639912 0.2827503  0.28101064 0.28664564
 0.29624794 0.3004975 ]

nu is : -1.252550032581605
sigam is: 0.003923572307177693

E is: 0.2857773307042473
Var is: 0.030044691886269185

3倍下界是: 0.2824310724473631
3倍上界是: 0.2891587841396876

1倍下界是: 0.2846560684315767
1倍上界是: 0.286898592965630