r is: [0.30223525 0.27138451 0.28068529 0.28310822 0.27787005 0.28254664
 0.28417985 0.27945751 0.28728927 0.28424817 0.28325639 0.30238429
 0.29395337 0.27865805 0.28976618 0.28607296 0.28937608 0.28855781
 0.30205297 0.28572377 0.28943477 0.28113602 0.2823142  0.28283481
 0.28688286 0.28949964 0.29428512 0.2868163  0.27000097 0.28528606
 0.32851929 0.27859457 0.29146678 0.30591762 0.29409515 0.28959154
 0.28599798 0.28560063 0.28057911 0.29203784 0.30089152 0.29252708
 0.2740474  0.29191607 0.29393453 0.31287278 0.27676092 0.28130956
 0.31272975 0.29157897]

nu is : -1.242543425626619
sigam is: 0.0013678232532770025

E is: 0.28864939594820416
Var is: 0.030651210920445322

3倍下界是: 0.2874670898492637
3倍上界是: 0.28983602241632156

1倍下界是: 0.28825457483852657
1倍上界是: 0.2890442170577132