r is: [0.24021071 0.29184244 0.22244725 0.24281129 0.26266771 0.2788965
 0.26423394 0.28615869 0.28329463 0.22186503 0.26996391 0.29053956
 0.265747   0.23394063 0.26746323 0.2519009  0.23510472 0.25425978
 0.24875752 0.27307535 0.27291262 0.27043703 0.27177788 0.31409823
 0.23221327 0.24195602 0.30021844 0.30466564 0.3157145  0.2717482
 0.28490185 0.27776332 0.27599757 0.27336578 0.26198405 0.27479178
 0.27332031 0.24258868 0.22285254 0.2704701  0.29223903 0.2375596
 0.29002963 0.2663533  0.2813715  0.25095189 0.28631933 0.28058709
 0.2985688  0.26446345]

nu is : -1.3214771479238163
sigam is: 0.007774861797035377

E is: 0.2667490570709433
Var is: 0.026178065882697985

3倍下界是: 0.26059136932538846
3倍上界是: 0.27303574384496326

1倍下界是: 0.26467516172490213
1倍上界是: 0.2688229522545361