r is: [0.28070594 0.26199614 0.27601586 0.20015829 0.27429556 0.28745055
 0.20772232 0.26691078 0.28316647 0.20935802 0.20726417 0.23779828
 0.28526754 0.24485204 0.24651143 0.24341775 0.25509297 0.24901232
 0.27690185 0.29609135 0.32025368 0.26186623 0.25855772 0.28013329
 0.27512981 0.31270838 0.23541313 0.2684069  0.26175715 0.28906222
 0.29443401 0.28024979 0.28795056 0.28904407 0.28366676 0.29644044
 0.28825206 0.29577461 0.2737359  0.28985955 0.29345722 0.27714153
 0.26522652 0.2900042  0.29229586 0.30425728 0.2849284  0.29360761
 0.30496289 0.28429169]

nu is : -1.305588194117112
sigam is: 0.01134207609629954

E is: 0.27103051234213027
Var is: 0.02702699485921776

3倍下界是: 0.261946649870024
3倍上界是: 0.28039331478106916

1倍下界是: 0.2679565950883883
1倍上界是: 0.27410442884835323