r is: [0.25926124 0.25631537 0.27526909 0.25245142 0.25156577 0.24115605
 0.25038577 0.23525643 0.22848773 0.26625598 0.30076023 0.24318328
 0.2560523  0.2780211  0.36276435 0.21516834 0.22434177 0.24700969
 0.35368754 0.34594402 0.24706107 0.22327691 0.28880634 0.26758647
 0.32556138 0.29800267 0.34439347 0.29700198 0.30699483 0.29456849
 0.22259073 0.29695005 0.23383421 0.2826973  0.24172039 0.31055293
 0.25217489 0.25392678 0.25345396 0.27846446 0.23962153 0.22989928
 0.2890794  0.29264711 0.31407411 0.25175633 0.25992451 0.24358985
 0.21808962 0.24852499 0.22997276 0.18886702 0.19752168 0.21009659
 0.14401105 0.21184857 0.26802875 0.23162429 0.23320038 0.29493286
 0.24410824 0.25001144 0.21722964 0.24060262 0.18897501 0.20514429
 0.22166678 0.24896146 0.26996266 0.19193999 0.18577429 0.15147751
 0.18076323 0.16068135 0.1618774  0.46293756 0.20186806 0.18110435
 0.1872535  0.17760752 0.16218169 0.17997759 0.20422688 0.17666406
 0.20524113 0.23791893 0.20956755 0.23773377 0.19062768 0.14405369
 0.14721917 0.18409766 0.21440092 0.17171887 0.18437482 0.20114792
 0.21451655 0.28358147 0.17961681 0.18655893 0.20646538 0.18008587
 0.28435438 0.10354401 0.16236317 0.14707223 0.21381033 0.10121115
 0.23267312 0.13083573 0.10504765 0.16193909 0.21465108 0.18244325
 0.23336558 0.15088396 0.19381165 0.34694583 0.19740793 0.26081369
 0.19038544 0.16621435 0.18963283 0.18883097 0.18305473 0.18950872
 0.19962612 0.24021458 0.23824132 0.1994666  0.17656702 0.16808443
 0.18324301 0.20060671 0.19474377 0.15547071 0.23563321 0.20798267
 0.15440275 0.18419261 0.22963441 0.14443933 0.15231596 0.18659376
 0.21204981 0.18930736 0.14374716 0.2222533  0.18961469 0.17219264
 0.13178693 0.14579707 0.12490346 0.12197953 0.14955066 0.18819213
 0.21373814 0.2377341  0.22366293 0.22223944 0.16419487 0.19708186
 0.19151496 0.21660273 0.19257735 0.18703641 0.15702856 0.19848467
 0.19720117 0.16385518 0.18257802 0.13010754 0.17553257 0.04600834
 0.1989069  0.19031712 0.37532943 0.202293   0.16746898 0.19576172
 0.19116033 0.17668561 0.18683342 0.13006579 0.1200367  0.13619851
 0.16165625 0.13710902 0.15435734 0.19162443 0.14705182 0.11693847
 0.15042255 0.16495586 0.22447914 0.12926437 0.1727315  0.19926515
 0.16446207 0.22671321]

nu is : -1.5936277451112775
sigam is: 0.07839756245218855

E is: 0.20381253448926503
Var is: 0.01537575847766526

3倍下界是: 0.16060289805340985
3倍上界是: 0.2570627506969275

1倍下界是: 0.18786619325495893
1倍上界是: 0.219757594638001