Start time is:  2020-02-29 16:04:06.778077

FN is: [549, 428, 313, 227, 161, 112, 80, 47, 27, 22, 19, 14, 10, 8, 7, 6, 4, 3, 3, 2]
TP is: [251, 372, 487, 573, 639, 688, 720, 753, 773, 778, 781, 786, 790, 792, 793, 794, 796, 797, 797, 798]
FP is: [8708, 13567, 18066, 21821, 25182, 27987, 30122, 31857, 33294, 34434, 35339, 36102, 36697, 37192, 37629, 37968, 38282, 38527, 38768, 38943]
TN is: [31292, 26433, 21934, 18179, 14818, 12013, 9878, 8143, 6706, 5566, 4661, 3898, 3303, 2808, 2371, 2032, 1718, 1473, 1232, 1057]
false_alarm_rate is: [0.2177, 0.339175, 0.45165, 0.545525, 0.62955, 0.699675, 0.75305, 0.796425, 0.83235, 0.86085, 0.883475, 0.90255, 0.917425, 0.9298, 0.940725, 0.9492, 0.95705, 0.963175, 0.9692, 0.973575]
miss_rate is: [0.68625, 0.535, 0.39125, 0.28375, 0.20125, 0.14, 0.1, 0.05875, 0.03375, 0.0275, 0.02375, 0.0175, 0.0125, 0.01, 0.00875, 0.0075, 0.005, 0.00375, 0.00375, 0.0025]
hit_rate is: [0.31375, 0.46499999999999997, 0.60875, 0.71625, 0.79875, 0.86, 0.9, 0.94125, 0.96625, 0.9725, 0.97625, 0.9825, 0.9875, 0.99, 0.99125, 0.9925, 0.995, 0.99625, 0.99625, 0.9975]


Finished.

End time is:  2020-02-29 22:08:14.242233