r is: [0.22373691 0.19938322 0.30630989 0.12575995 0.18378741 0.16695067
 0.22971168 0.12197562 0.25175975 0.14896369 0.12524978 0.18345292
 0.23397388 0.20293877 0.25377189 0.17294431 0.2136767  0.3679361
 0.21659402 0.27993762 0.20542415 0.18317808 0.20922106 0.20629419
 0.20173266 0.20799043 0.22081341 0.26085289 0.25739784 0.22043998
 0.19546891 0.18641772 0.20302993 0.21944182 0.21797388 0.17504051
 0.25276869 0.22780106 0.17465774 0.20342699 0.2473438  0.16411887
 0.17367544 0.20665154 0.23094582 0.20676365 0.16482678 0.24319959
 0.20810359 0.19162354]

nu is : -1.584236866463564
sigam is: 0.04383867550597903

E is: 0.20530143776789575
Var is: 0.015535460808338158

3倍下界是: 0.17982827828408748
3倍上界是: 0.2339329273553701

1倍下界是: 0.19630699541847674
1倍上界是: 0.2142957538043661