Start time is:  2020-02-29 23:17:00.356508
FN is: [645, 553, 469, 370, 311, 235, 178, 137, 107, 82, 65, 53, 41, 32, 29, 23, 20, 16, 16, 12]
TP is: [155, 247, 331, 430, 489, 565, 622, 663, 693, 718, 735, 747, 759, 768, 771, 777, 780, 784, 784, 788]
FP is: [3518, 5584, 7565, 9578, 11551, 13607, 15669, 17681, 19814, 22072, 24357, 26687, 28880, 31012, 32809, 34448, 35743, 36884, 37749, 38393]
TN is: [36482, 34416, 32435, 30422, 28449, 26393, 24331, 22319, 20186, 17928, 15643, 13313, 11120, 8988, 7191, 5552, 4257, 3116, 2251, 1607]
false_alarm_rate is: [0.08795, 0.1396, 0.189125, 0.23945, 0.288775, 0.340175, 0.391725, 0.442025, 0.49535, 0.5518, 0.608925, 0.667175, 0.722, 0.7753, 0.820225, 0.8612, 0.893575, 0.9221, 0.943725, 0.959825]
miss_rate is: [0.80625, 0.69125, 0.58625, 0.4625, 0.38875, 0.29375, 0.2225, 0.17125, 0.13375, 0.1025, 0.08125, 0.06625, 0.05125, 0.04, 0.03625, 0.02875, 0.025, 0.02, 0.02, 0.015]
hit_rate is: [0.19374999999999998, 0.30874999999999997, 0.41374999999999995, 0.5375, 0.6112500000000001, 0.70625, 0.7775, 0.82875, 0.86625, 0.8975, 0.91875, 0.93375, 0.94875, 0.96, 0.96375, 0.97125, 0.975, 0.98, 0.98, 0.985]


Finished.

End time is:  2020-03-01 07:10:28.180070