r is: [0.30608085 0.2895103  0.27557708 0.21491454 0.29561241 0.28005106
 0.23374134 0.22116748 0.30650929 0.33300303 0.36077055 0.26778918
 0.2552058  0.30120634 0.29534245 0.29479237 0.28604105 0.33791618
 0.27813166 0.33110336 0.36117973 0.3461809  0.28026674 0.31924383
 0.3295545  0.34555072 0.32395403 0.32115565 0.29254121 0.29657666
 0.29329978 0.27339227 0.31637243 0.24326754 0.33204045 0.27925356
 0.27864425 0.23147005 0.24701876 0.26956376 0.26315085 0.28115414
 0.27861103 0.29857344 0.27499785 0.27819748 0.27784006 0.34444961
 0.30915152 0.36492603 0.29593085 0.25590917 0.26938255 0.28795339
 0.26600999 0.22808774 0.27600155 0.25624399 0.28386022 0.26454768
 0.32940078 0.29201316 0.22625462 0.27163059 0.31108338 0.1991065
 0.23905742 0.29198246 0.26984099 0.26304162 0.29753734 0.26818214
 0.26927706 0.25984529 0.25988883 0.24328336 0.3099827  0.31419489
 0.25854427 0.23247289 0.19879251 0.19800839 0.20655041 0.18501914
 0.18752075 0.24615348 0.19725847 0.20926701 0.19446669 0.17950511
 0.26281213 0.19132628 0.21708053 0.19766511 0.19164461 0.23035309
 0.19437194 0.25718987 0.19610251 0.30572192 0.24364413 0.22114519
 0.20204366 0.21721343 0.24952914 0.2577983  0.20917237 0.20544508
 0.20540896 0.26817041 0.25185211 0.29967019 0.2477444  0.22882834
 0.21223155 0.36694254 0.25014444 0.33352634 0.33733503 0.25029998
 0.29513808 0.2696672  0.33835038 0.24378851 0.24467491 0.2345221
 0.24976824 0.27235967 0.28482909 0.25506655 0.24419051 0.21725717
 0.30637975 0.38680551 0.23792602 0.33273228 0.24687036 0.28554985
 0.25938659 0.25327072 0.21185035 0.2519299  0.32001242 0.24159261
 0.26629553 0.26340482 0.24863586 0.36005349 0.23050147 0.20716864
 0.25263248 0.147544   0.1724709  0.18535375 0.17336889 0.16301552
 0.12893748 0.13933001 0.20480882 0.25598586 0.14367812 0.15530868
 0.14248892 0.1538122  0.18227535 0.21555732 0.18228236 0.24735982
 0.14042046 0.14436658 0.18848233 0.17821867 0.14105741 0.28184059
 0.14126117 0.16711831 0.22079915 0.23385416 0.18530092 0.16742927
 0.15508991 0.14533799 0.14483903 0.15899509 0.20761056 0.19050007
 0.28772703 0.18448118 0.17988351 0.20544114 0.22584727 0.21489887
 0.16210503 0.18837283 0.16391848 0.19605993 0.22319452 0.17204723
 0.17015966 0.19516077]

nu is : -1.4267471505441256
sigam is: 0.058536164807862556

E is: 0.2405003078852673
Var is: 0.02135132808389692

3倍下界是: 0.2014214812067193
3倍上界是: 0.2861787520813508

1倍下界是: 0.22643817817563378
1倍上界是: 0.25456196741437526